lambda I
280.0E-9 4.7309E-14 
280.5E-9 1.2307E-12 
281.0E-9 5.6895E-12 
281.5E-9 1.5662E-10 
282.0E-9 1.1946E-09 
282.5E-9 4.5436E-09 
283.0E-9 1.8452E-08 
283.5E-9 3.5360E-08 
284.0E-9 7.2670E-07 
284.5E-9 2.4856E-06 
285.0E-9 8.0142E-06 
285.5E-9 4.2613E-05 
286.0E-9 1.3684E-04 
286.5E-9 8.3823E-04 
287.0E-9 2.7367E-03 
287.5E-9 1.0903E-02 
288.0E-9 6.2337E-02 
288.5E-9 1.7162E-01 
289.0E-9 5.6265E-01 
289.5E-9 2.0749E+00 
290.0E-9 6.0168E+00 
290.5E-9 1.3783E+01 
291.0E-9 3.5052E+01 
291.5E-9 1.0913E+02 
292.0E-9 2.6830E+02 
292.5E-9 4.2685E+02 
293.0E-9 8.6466E+02 
293.5E-9 2.2707E+03 
294.0E-9 4.1744E+03 
294.5E-9 6.5911E+03 
295.0E-9 1.2290E+04 
295.5E-9 2.7826E+04 
296.0E-9 4.7904E+04 
296.5E-9 7.1345E+04 
297.0E-9 9.6800E+04 
297.5E-9 1.8608E+05 
298.0E-9 2.8988E+05 
298.5E-9 3.5789E+05 
299.0E-9 4.9211E+05 
299.5E-9 8.6068E+05 
300.0E-9 1.0205E+06 
300.5E-9 1.2450E+06 
301.0E-9 1.9300E+06 
301.5E-9 2.6914E+06 
302.0E-9 2.9209E+06 
302.5E-9 4.2840E+06 
303.0E-9 7.0945E+06 
303.5E-9 8.9795E+06 
304.0E-9 9.4701E+06 
304.5E-9 1.1953E+07 
305.0E-9 1.6463E+07 
305.5E-9 1.8719E+07 
306.0E-9 1.8577E+07 
306.5E-9 2.1108E+07 
307.0E-9 2.7849E+07 
307.5E-9 3.5635E+07 
308.0E-9 3.7837E+07 
308.5E-9 4.1430E+07 
309.0E-9 4.0534E+07 
309.5E-9 4.3306E+07 
310.0E-9 5.0939E+07 
310.5E-9 6.5540E+07 
311.0E-9 8.2922E+07 
311.5E-9 8.4080E+07 
312.0E-9 9.3376E+07 
312.5E-9 9.8984E+07 
313.0E-9 1.0733E+08 
313.5E-9 1.0757E+08 
314.0E-9 1.1969E+08 
314.5E-9 1.3060E+08 
315.0E-9 1.3625E+08 
315.5E-9 1.1838E+08 
316.0E-9 1.2348E+08 
316.5E-9 1.5036E+08 
317.0E-9 1.7158E+08 
317.5E-9 1.8245E+08 
318.0E-9 1.7594E+08 
318.5E-9 1.8591E+08 
319.0E-9 2.0470E+08 
319.5E-9 1.9589E+08 
320.0E-9 2.0527E+08 
320.5E-9 2.4525E+08 
321.0E-9 2.5024E+08 
321.5E-9 2.3843E+08 
322.0E-9 2.2203E+08 
322.5E-9 2.1709E+08 
323.0E-9 2.1226E+08 
323.5E-9 2.4861E+08 
324.0E-9 2.7537E+08 
324.5E-9 2.8321E+08 
325.0E-9 2.7894E+08 
325.5E-9 3.2436E+08 
326.0E-9 3.8120E+08 
326.5E-9 4.0722E+08 
327.0E-9 3.9806E+08 
327.5E-9 3.8465E+08 
328.0E-9 3.5116E+08 
328.5E-9 3.7164E+08 
329.0E-9 4.2235E+08 
329.5E-9 4.6878E+08 
330.0E-9 4.7139E+08 
330.5E-9 4.2800E+08 
331.0E-9 4.0262E+08 
331.5E-9 4.1806E+08 
332.0E-9 4.3623E+08 
332.5E-9 4.3919E+08 
333.0E-9 4.2944E+08 
333.5E-9 4.0724E+08 
334.0E-9 4.1497E+08 
334.5E-9 4.4509E+08 
335.0E-9 4.6388E+08 
335.5E-9 4.5313E+08 
336.0E-9 4.1519E+08 
336.5E-9 3.8214E+08 
337.0E-9 3.7380E+08 
337.5E-9 4.0051E+08 
338.0E-9 4.3411E+08 
338.5E-9 4.5527E+08 
339.0E-9 4.6355E+08 
339.5E-9 4.7446E+08 
340.0E-9 5.0180E+08 
340.5E-9 5.0071E+08 
341.0E-9 4.7139E+08 
341.5E-9 4.6935E+08 
342.0E-9 4.8934E+08 
342.5E-9 5.0767E+08 
343.0E-9 5.1489E+08 
343.5E-9 4.8609E+08 
344.0E-9 4.1843E+08 
344.5E-9 4.0307E+08 
345.0E-9 4.5898E+08 
345.5E-9 4.8932E+08 
346.0E-9 4.7778E+08 
346.5E-9 4.8657E+08 
347.0E-9 4.9404E+08 
347.5E-9 4.7674E+08 
348.0E-9 4.7511E+08 
348.5E-9 4.8336E+08 
349.0E-9 4.6564E+08 
349.5E-9 4.7805E+08 
350.0E-9 5.2798E+08 
350.5E-9 5.6741E+08 
351.0E-9 5.5172E+08 
351.5E-9 5.3022E+08 
352.0E-9 5.1791E+08 
352.5E-9 4.8962E+08 
353.0E-9 5.2040E+08 
353.5E-9 5.7228E+08 
354.0E-9 6.0498E+08 
354.5E-9 6.1156E+08 
355.0E-9 6.1140E+08 
355.5E-9 5.9028E+08 
356.0E-9 5.5387E+08 
356.5E-9 5.1942E+08 
357.0E-9 4.5673E+08 
357.5E-9 4.6215E+08 
358.0E-9 4.3006E+08 
358.5E-9 3.9926E+08 
359.0E-9 4.6953E+08 
359.5E-9 5.6549E+08 
360.0E-9 5.9817E+08 
360.5E-9 5.6531E+08 
361.0E-9 5.2024E+08 
361.5E-9 5.0956E+08 
362.0E-9 5.3420E+08 
362.5E-9 5.8510E+08 
363.0E-9 6.0191E+08 
363.5E-9 5.8541E+08 
364.0E-9 6.0628E+08 
364.5E-9 6.0058E+08 
365.0E-9 6.2359E+08 
365.5E-9 6.8628E+08 
366.0E-9 7.3532E+08 
366.5E-9 7.3658E+08 
367.0E-9 7.2285E+08 
367.5E-9 7.0914E+08 
368.0E-9 6.6759E+08 
368.5E-9 6.6310E+08 
369.0E-9 6.9315E+08 
369.5E-9 7.4469E+08 
370.0E-9 7.5507E+08 
370.5E-9 6.8261E+08 
371.0E-9 6.9338E+08 
371.5E-9 7.2051E+08 
372.0E-9 6.7444E+08 
372.5E-9 6.4253E+08 
373.0E-9 6.1886E+08 
373.5E-9 5.5786E+08 
374.0E-9 5.5640E+08 
374.5E-9 5.5227E+08 
375.0E-9 5.8930E+08 
375.5E-9 6.5162E+08 
376.0E-9 6.7480E+08 
376.5E-9 6.6390E+08 
377.0E-9 7.1225E+08 
377.5E-9 7.9455E+08 
378.0E-9 8.5595E+08 
378.5E-9 8.3418E+08 
379.0E-9 7.4389E+08 
379.5E-9 6.6683E+08 
380.0E-9 7.0077E+08 
380.5E-9 7.5075E+08 
381.0E-9 7.6383E+08 
381.5E-9 6.8837E+08 
382.0E-9 5.8678E+08 
382.5E-9 5.0762E+08 
383.0E-9 4.5499E+08 
383.5E-9 4.4049E+08 
384.0E-9 5.0968E+08 
384.5E-9 6.1359E+08 
385.0E-9 6.7355E+08 
385.5E-9 6.4363E+08 
386.0E-9 6.2100E+08 
386.5E-9 6.4570E+08 
387.0E-9 6.5147E+08 
387.5E-9 6.4204E+08 
388.0E-9 6.3582E+08 
388.5E-9 6.3136E+08 
389.0E-9 6.8543E+08 
389.5E-9 7.5970E+08 
390.0E-9 7.9699E+08 
390.5E-9 8.0371E+08 
391.0E-9 8.5138E+08 
391.5E-9 8.6344E+08 
392.0E-9 7.9493E+08 
392.5E-9 6.6257E+08 
393.0E-9 4.7975E+08 
393.5E-9 3.8152E+08 
394.0E-9 4.9567E+08 
394.5E-9 6.8385E+08 
395.0E-9 8.0772E+08 
395.5E-9 8.6038E+08 
396.0E-9 7.5655E+08 
396.5E-9 5.5017E+08 
397.0E-9 4.2619E+08 
397.5E-9 6.2945E+08 
398.0E-9 8.5249E+08 
398.5E-9 1.0069E+09 
399.0E-9 1.0693E+09 
399.5E-9 1.1021E+09 
400.0E-9 1.1141E+09 
401.0E-9 1.1603E+09 
402.0E-9 1.2061E+09 
403.0E-9 1.1613E+09 
404.0E-9 1.1801E+09 
405.0E-9 1.1511E+09 
406.0E-9 1.1227E+09 
407.0E-9 1.1026E+09 
408.0E-9 1.1514E+09 
409.0E-9 1.2299E+09 
410.0E-9 1.0485E+09 
411.0E-9 1.1738E+09 
412.0E-9 1.2478E+09 
413.0E-9 1.1971E+09 
414.0E-9 1.1842E+09 
415.0E-9 1.2258E+09 
416.0E-9 1.2624E+09 
417.0E-9 1.2312E+09 
418.0E-9 1.1777E+09 
419.0E-9 1.2258E+09 
420.0E-9 1.1232E+09 
421.0E-9 1.2757E+09 
422.0E-9 1.2583E+09 
423.0E-9 1.2184E+09 
424.0E-9 1.2117E+09 
425.0E-9 1.2488E+09 
426.0E-9 1.2135E+09 
427.0E-9 1.1724E+09 
428.0E-9 1.1839E+09 
429.0E-9 1.0963E+09 
430.0E-9 8.7462E+08 
431.0E-9 7.9394E+08 
432.0E-9 1.3207E+09 
433.0E-9 1.2288E+09 
434.0E-9 1.1352E+09 
435.0E-9 1.2452E+09 
436.0E-9 1.3659E+09 
437.0E-9 1.3943E+09 
438.0E-9 1.2238E+09 
439.0E-9 1.1775E+09 
440.0E-9 1.3499E+09 
441.0E-9 1.3313E+09 
442.0E-9 1.4250E+09 
443.0E-9 1.4453E+09 
444.0E-9 1.4084E+09 
445.0E-9 1.4619E+09 
446.0E-9 1.3108E+09 
447.0E-9 1.4903E+09 
448.0E-9 1.5081E+09 
449.0E-9 1.5045E+09 
450.0E-9 1.5595E+09 
451.0E-9 1.6173E+09 
452.0E-9 1.5482E+09 
453.0E-9 1.4297E+09 
454.0E-9 1.5335E+09 
455.0E-9 1.5224E+09 
456.0E-9 1.5724E+09 
457.0E-9 1.5854E+09 
458.0E-9 1.5514E+09 
459.0E-9 1.5391E+09 
460.0E-9 1.5291E+09 
461.0E-9 1.5827E+09 
462.0E-9 1.5975E+09 
463.0E-9 1.6031E+09 
464.0E-9 1.5544E+09 
465.0E-9 1.5350E+09 
466.0E-9 1.5673E+09 
467.0E-9 1.4973E+09 
468.0E-9 1.5619E+09 
469.0E-9 1.5682E+09 
470.0E-9 1.5077E+09 
471.0E-9 1.5331E+09 
472.0E-9 1.6126E+09 
473.0E-9 1.5499E+09 
474.0E-9 1.5671E+09 
475.0E-9 1.6185E+09 
476.0E-9 1.5631E+09 
477.0E-9 1.5724E+09 
478.0E-9 1.6230E+09 
479.0E-9 1.5916E+09 
480.0E-9 1.6181E+09 
481.0E-9 1.6177E+09 
482.0E-9 1.6236E+09 
483.0E-9 1.6038E+09 
484.0E-9 1.5734E+09 
485.0E-9 1.5683E+09 
486.0E-9 1.2716E+09 
487.0E-9 1.4241E+09 
488.0E-9 1.5413E+09 
489.0E-9 1.4519E+09 
490.0E-9 1.6224E+09 
491.0E-9 1.5595E+09 
492.0E-9 1.4869E+09 
493.0E-9 1.5903E+09 
494.0E-9 1.5525E+09 
495.0E-9 1.6485E+09 
496.0E-9 1.5676E+09 
497.0E-9 1.5944E+09 
498.0E-9 1.5509E+09 
499.0E-9 1.5507E+09 
500.0E-9 1.5451E+09 
501.0E-9 1.4978E+09 
502.0E-9 1.4966E+09 
503.0E-9 1.5653E+09 
504.0E-9 1.4587E+09 
505.0E-9 1.5635E+09 
506.0E-9 1.6264E+09 
507.0E-9 1.5560E+09 
508.0E-9 1.5165E+09 
509.0E-9 1.5893E+09 
510.0E-9 1.5481E+09 
511.0E-9 1.5769E+09 
512.0E-9 1.6186E+09 
513.0E-9 1.5206E+09 
514.0E-9 1.4885E+09 
515.0E-9 1.5314E+09 
516.0E-9 1.5455E+09 
517.0E-9 1.2594E+09 
518.0E-9 1.4403E+09 
519.0E-9 1.3957E+09 
520.0E-9 1.5236E+09 
521.0E-9 1.5346E+09 
522.0E-9 1.5690E+09 
523.0E-9 1.4789E+09 
524.0E-9 1.5905E+09 
525.0E-9 1.5781E+09 
526.0E-9 1.5341E+09 
527.0E-9 1.3417E+09 
528.0E-9 1.5357E+09 
529.0E-9 1.6071E+09 
530.0E-9 1.5446E+09 
531.0E-9 1.6292E+09 
532.0E-9 1.5998E+09 
533.0E-9 1.4286E+09 
534.0E-9 1.5302E+09 
535.0E-9 1.5535E+09 
536.0E-9 1.6199E+09 
537.0E-9 1.4989E+09 
538.0E-9 1.5738E+09 
539.0E-9 1.5352E+09 
540.0E-9 1.4825E+09 
541.0E-9 1.4251E+09 
542.0E-9 1.5511E+09 
543.0E-9 1.5256E+09 
544.0E-9 1.5792E+09 
545.0E-9 1.5435E+09 
546.0E-9 1.5291E+09 
547.0E-9 1.5490E+09 
548.0E-9 1.5049E+09 
549.0E-9 1.5520E+09 
550.0E-9 1.5399E+09 
551.0E-9 1.5382E+09 
552.0E-9 1.5697E+09 
553.0E-9 1.5250E+09 
554.0E-9 1.5549E+09 
555.0E-9 1.5634E+09 
556.0E-9 1.5366E+09 
557.0E-9 1.4988E+09 
558.0E-9 1.5310E+09 
559.0E-9 1.4483E+09 
560.0E-9 1.4740E+09 
561.0E-9 1.5595E+09 
562.0E-9 1.4847E+09 
563.0E-9 1.5408E+09 
564.0E-9 1.5106E+09 
565.0E-9 1.5201E+09 
566.0E-9 1.4374E+09 
567.0E-9 1.5320E+09 
568.0E-9 1.5180E+09 
569.0E-9 1.4807E+09 
570.0E-9 1.4816E+09 
571.0E-9 1.4331E+09 
572.0E-9 1.5134E+09 
573.0E-9 1.5198E+09 
574.0E-9 1.5119E+09 
575.0E-9 1.4777E+09 
576.0E-9 1.4654E+09 
577.0E-9 1.5023E+09 
578.0E-9 1.4560E+09 
579.0E-9 1.4770E+09 
580.0E-9 1.5020E+09 
581.0E-9 1.5089E+09 
582.0E-9 1.5320E+09 
583.0E-9 1.5479E+09 
584.0E-9 1.5448E+09 
585.0E-9 1.5324E+09 
586.0E-9 1.4953E+09 
587.0E-9 1.5281E+09 
588.0E-9 1.4934E+09 
589.0E-9 1.2894E+09 
590.0E-9 1.3709E+09 
591.0E-9 1.4662E+09 
592.0E-9 1.4354E+09 
593.0E-9 1.4561E+09 
594.0E-9 1.4491E+09 
595.0E-9 1.4308E+09 
596.0E-9 1.4745E+09 
597.0E-9 1.4788E+09 
598.0E-9 1.4607E+09 
599.0E-9 1.4606E+09 
600.0E-9 1.4753E+09 
601.0E-9 1.4579E+09 
602.0E-9 1.4360E+09 
603.0E-9 1.4664E+09 
604.0E-9 1.4921E+09 
605.0E-9 1.4895E+09 
606.0E-9 1.4822E+09 
607.0E-9 1.4911E+09 
608.0E-9 1.4862E+09 
609.0E-9 1.4749E+09 
610.0E-9 1.4686E+09 
611.0E-9 1.4611E+09 
612.0E-9 1.4831E+09 
613.0E-9 1.4621E+09 
614.0E-9 1.4176E+09 
615.0E-9 1.4697E+09 
616.0E-9 1.4310E+09 
617.0E-9 1.4128E+09 
618.0E-9 1.4664E+09 
619.0E-9 1.4733E+09 
620.0E-9 1.4739E+09 
621.0E-9 1.4802E+09 
622.0E-9 1.4269E+09 
623.0E-9 1.4165E+09 
624.0E-9 1.4118E+09 
625.0E-9 1.4026E+09 
626.0E-9 1.4012E+09 
627.0E-9 1.4417E+09 
628.0E-9 1.3631E+09 
629.0E-9 1.4114E+09 
630.0E-9 1.3924E+09 
631.0E-9 1.4161E+09 
632.0E-9 1.3638E+09 
633.0E-9 1.4508E+09 
634.0E-9 1.4284E+09 
635.0E-9 1.4458E+09 
636.0E-9 1.4128E+09 
637.0E-9 1.4610E+09 
638.0E-9 1.4707E+09 
639.0E-9 1.4646E+09 
640.0E-9 1.4340E+09 
641.0E-9 1.4348E+09 
642.0E-9 1.4376E+09 
643.0E-9 1.4525E+09 
644.0E-9 1.4462E+09 
645.0E-9 1.4567E+09 
646.0E-9 1.4150E+09 
647.0E-9 1.4086E+09 
648.0E-9 1.3952E+09 
649.0E-9 1.3519E+09 
650.0E-9 1.3594E+09 
651.0E-9 1.4447E+09 
652.0E-9 1.3871E+09 
653.0E-9 1.4311E+09 
654.0E-9 1.4153E+09 
655.0E-9 1.3499E+09 
656.0E-9 1.1851E+09 
657.0E-9 1.2393E+09 
658.0E-9 1.3855E+09 
659.0E-9 1.3905E+09 
660.0E-9 1.3992E+09 
661.0E-9 1.3933E+09 
662.0E-9 1.3819E+09 
663.0E-9 1.3844E+09 
664.0E-9 1.3967E+09 
665.0E-9 1.4214E+09 
666.0E-9 1.4203E+09 
667.0E-9 1.4102E+09 
668.0E-9 1.4150E+09 
669.0E-9 1.4394E+09 
670.0E-9 1.4196E+09 
671.0E-9 1.4169E+09 
672.0E-9 1.3972E+09 
673.0E-9 1.4094E+09 
674.0E-9 1.4074E+09 
675.0E-9 1.3958E+09 
676.0E-9 1.4120E+09 
677.0E-9 1.3991E+09 
678.0E-9 1.4066E+09 
679.0E-9 1.3947E+09 
680.0E-9 1.3969E+09 
681.0E-9 1.3915E+09 
682.0E-9 1.3981E+09 
683.0E-9 1.3830E+09 
684.0E-9 1.3739E+09 
685.0E-9 1.3748E+09 
686.0E-9 1.3438E+09 
687.0E-9 9.6824E+08 
688.0E-9 1.1206E+09 
689.0E-9 1.1278E+09 
690.0E-9 1.1821E+09 
691.0E-9 1.2333E+09 
692.0E-9 1.2689E+09 
693.0E-9 1.2609E+09 
694.0E-9 1.2464E+09 
695.0E-9 1.2714E+09 
696.0E-9 1.2684E+09 
697.0E-9 1.3403E+09 
698.0E-9 1.3192E+09 
699.0E-9 1.2918E+09 
700.0E-9 1.2823E+09 
701.0E-9 1.2659E+09 
702.0E-9 1.2674E+09 
703.0E-9 1.2747E+09 
704.0E-9 1.3078E+09 
705.0E-9 1.3214E+09 
706.0E-9 1.3144E+09 
707.0E-9 1.3090E+09 
708.0E-9 1.3048E+09 
709.0E-9 1.3095E+09 
710.0E-9 1.3175E+09 
711.0E-9 1.3155E+09 
712.0E-9 1.3071E+09 
713.0E-9 1.2918E+09 
714.0E-9 1.3029E+09 
715.0E-9 1.2587E+09 
716.0E-9 1.2716E+09 
717.0E-9 1.1071E+09 
718.0E-9 1.0296E+09 
719.0E-9 9.2318E+08 
720.0E-9 9.8550E+08 
721.0E-9 1.0861E+09 
722.0E-9 1.2407E+09 
723.0E-9 1.1444E+09 
724.0E-9 1.0555E+09 
725.0E-9 1.0380E+09 
726.0E-9 1.0813E+09 
727.0E-9 1.0850E+09 
728.0E-9 1.0400E+09 
729.0E-9 1.0466E+09 
730.0E-9 1.1285E+09 
731.0E-9 1.0703E+09 
732.0E-9 1.1534E+09 
733.0E-9 1.1962E+09 
734.0E-9 1.2357E+09 
735.0E-9 1.2178E+09 
736.0E-9 1.2059E+09 
737.0E-9 1.2039E+09 
738.0E-9 1.2269E+09 
739.0E-9 1.1905E+09 
740.0E-9 1.2195E+09 
741.0E-9 1.2148E+09 
742.0E-9 1.2153E+09 
743.0E-9 1.2405E+09 
744.0E-9 1.2503E+09 
745.0E-9 1.2497E+09 
746.0E-9 1.2470E+09 
747.0E-9 1.2477E+09 
748.0E-9 1.2401E+09 
749.0E-9 1.2357E+09 
750.0E-9 1.2341E+09 
751.0E-9 1.2286E+09 
752.0E-9 1.2330E+09 
753.0E-9 1.2266E+09 
754.0E-9 1.2420E+09 
755.0E-9 1.2383E+09 
756.0E-9 1.2232E+09 
757.0E-9 1.2221E+09 
758.0E-9 1.2295E+09 
759.0E-9 1.1945E+09 
760.0E-9 2.6604E+08 
761.0E-9 1.5396E+08 
762.0E-9 6.8766E+08 
763.0E-9 3.7952E+08 
764.0E-9 5.3878E+08 
765.0E-9 6.8601E+08 
766.0E-9 8.1461E+08 
767.0E-9 9.7417E+08 
768.0E-9 1.1138E+09 
769.0E-9 1.1278E+09 
770.0E-9 1.1608E+09 
771.0E-9 1.1686E+09 
772.0E-9 1.1778E+09 
773.0E-9 1.1771E+09 
774.0E-9 1.1771E+09 
775.0E-9 1.1771E+09 
776.0E-9 1.1798E+09 
777.0E-9 1.1727E+09 
778.0E-9 1.1713E+09 
779.0E-9 1.1765E+09 
780.0E-9 1.1636E+09 
781.0E-9 1.1607E+09 
782.0E-9 1.1662E+09 
783.0E-9 1.1614E+09 
784.0E-9 1.1536E+09 
785.0E-9 1.1586E+09 
786.0E-9 1.1592E+09 
787.0E-9 1.1450E+09 
788.0E-9 1.1305E+09 
789.0E-9 1.1257E+09 
790.0E-9 1.0910E+09 
791.0E-9 1.1058E+09 
792.0E-9 1.0953E+09 
793.0E-9 1.0875E+09 
794.0E-9 1.0972E+09 
795.0E-9 1.0932E+09 
796.0E-9 1.0742E+09 
797.0E-9 1.0913E+09 
798.0E-9 1.1121E+09 
799.0E-9 1.0905E+09 
800.0E-9 1.0725E+09 
801.0E-9 1.0843E+09 
802.0E-9 1.0856E+09 
803.0E-9 1.0657E+09 
804.0E-9 1.0782E+09 
805.0E-9 1.0545E+09 
806.0E-9 1.0974E+09 
807.0E-9 1.0859E+09 
808.0E-9 1.0821E+09 
809.0E-9 1.0548E+09 
810.0E-9 1.0559E+09 
811.0E-9 1.0533E+09 
812.0E-9 1.0268E+09 
813.0E-9 1.0086E+09 
814.0E-9 9.0356E+08 
815.0E-9 8.9523E+08 
816.0E-9 8.3216E+08 
817.0E-9 8.5183E+08 
818.0E-9 8.2259E+08 
819.0E-9 9.0519E+08 
820.0E-9 8.6188E+08 
821.0E-9 9.9764E+08 
822.0E-9 9.5157E+08 
823.0E-9 6.7271E+08 
824.0E-9 9.3506E+08 
825.0E-9 9.6935E+08 
826.0E-9 9.3381E+08 
827.0E-9 9.8465E+08 
828.0E-9 8.4979E+08 
829.0E-9 9.2930E+08 
830.0E-9 9.1601E+08 
831.0E-9 9.2392E+08 
832.0E-9 8.9426E+08 
833.0E-9 9.5650E+08 
834.0E-9 9.3412E+08 
835.0E-9 1.0032E+09 
836.0E-9 9.7234E+08 
837.0E-9 1.0092E+09 
838.0E-9 9.9901E+08 
839.0E-9 1.0013E+09 
840.0E-9 1.0157E+09 
841.0E-9 1.0101E+09 
842.0E-9 9.9703E+08 
843.0E-9 1.0053E+09 
844.0E-9 9.8631E+08 
845.0E-9 1.0165E+09 
846.0E-9 1.0187E+09 
847.0E-9 9.9170E+08 
848.0E-9 9.9217E+08 
849.0E-9 9.8596E+08 
850.0E-9 8.9372E+08 
851.0E-9 9.7493E+08 
852.0E-9 9.6927E+08 
853.0E-9 9.6486E+08 
854.0E-9 8.5112E+08 
855.0E-9 9.1300E+08 
856.0E-9 9.7317E+08 
857.0E-9 9.9166E+08 
858.0E-9 9.9196E+08 
859.0E-9 9.9171E+08 
860.0E-9 9.8816E+08 
861.0E-9 9.8679E+08 
862.0E-9 9.9449E+08 
863.0E-9 1.0005E+09 
864.0E-9 9.7916E+08 
865.0E-9 9.6324E+08 
866.0E-9 8.4900E+08 
867.0E-9 9.1546E+08 
868.0E-9 9.5920E+08 
869.0E-9 9.4956E+08 
870.0E-9 9.6755E+08 
871.0E-9 9.5387E+08 
872.0E-9 9.6686E+08 
873.0E-9 9.5721E+08 
874.0E-9 9.4042E+08 
875.0E-9 9.2687E+08 
876.0E-9 9.5277E+08 
877.0E-9 9.5615E+08 
878.0E-9 9.5237E+08 
879.0E-9 9.3656E+08 
880.0E-9 9.3957E+08 
881.0E-9 9.0861E+08 
882.0E-9 9.3245E+08 
883.0E-9 9.2927E+08 
884.0E-9 9.3305E+08 
885.0E-9 9.4423E+08 
886.0E-9 9.0752E+08 
887.0E-9 9.1062E+08 
888.0E-9 9.2228E+08 
889.0E-9 9.3455E+08 
890.0E-9 9.2393E+08 
891.0E-9 9.2584E+08 
892.0E-9 9.0881E+08 
893.0E-9 8.7327E+08 
894.0E-9 8.5130E+08 
895.0E-9 8.1357E+08 
896.0E-9 7.6253E+08 
897.0E-9 6.6566E+08 
898.0E-9 7.1780E+08 
899.0E-9 5.4871E+08 
900.0E-9 7.4260E+08 
901.0E-9 5.9933E+08 
902.0E-9 6.6791E+08 
903.0E-9 6.8889E+08 
904.0E-9 8.4457E+08 
905.0E-9 8.1709E+08 
906.0E-9 7.7558E+08 
907.0E-9 6.3854E+08 
908.0E-9 6.5217E+08 
909.0E-9 7.0431E+08 
910.0E-9 6.2467E+08 
911.0E-9 6.6808E+08 
912.0E-9 6.8893E+08 
913.0E-9 6.2834E+08 
914.0E-9 6.2649E+08 
915.0E-9 6.7836E+08 
916.0E-9 5.7646E+08 
917.0E-9 7.3017E+08 
918.0E-9 5.9271E+08 
919.0E-9 7.3877E+08 
920.0E-9 7.4414E+08 
921.0E-9 7.8049E+08 
922.0E-9 7.0026E+08 
923.0E-9 7.4504E+08 
924.0E-9 7.2150E+08 
925.0E-9 7.1110E+08 
926.0E-9 7.0331E+08 
927.0E-9 7.8742E+08 
928.0E-9 5.8968E+08 
929.0E-9 5.5127E+08 
930.0E-9 4.3210E+08 
931.0E-9 4.0921E+08 
932.0E-9 3.0086E+08 
933.0E-9 2.4841E+08 
934.0E-9 1.4380E+08 
935.0E-9 2.5084E+08 
936.0E-9 1.6142E+08 
937.0E-9 1.6338E+08 
938.0E-9 2.0058E+08 
939.0E-9 3.9887E+08 
940.0E-9 4.7181E+08 
941.0E-9 3.7195E+08 
942.0E-9 4.0532E+08 
943.0E-9 2.7834E+08 
944.0E-9 2.8579E+08 
945.0E-9 3.6821E+08 
946.0E-9 1.9461E+08 
947.0E-9 3.7112E+08 
948.0E-9 2.7423E+08 
949.0E-9 4.9396E+08 
950.0E-9 1.4726E+08 
951.0E-9 4.8378E+08 
952.0E-9 2.6891E+08 
953.0E-9 3.4362E+08 
954.0E-9 4.2411E+08 
955.0E-9 3.4117E+08 
956.0E-9 3.2821E+08 
957.0E-9 2.7067E+08 
958.0E-9 4.6101E+08 
959.0E-9 3.7385E+08 
960.0E-9 4.2066E+08 
961.0E-9 4.6120E+08 
962.0E-9 4.4174E+08 
963.0E-9 5.0503E+08 
964.0E-9 4.5860E+08 
965.0E-9 5.0374E+08 
966.0E-9 5.0275E+08 
967.0E-9 5.0240E+08 
968.0E-9 6.5210E+08 
969.0E-9 6.8622E+08 
970.0E-9 6.3461E+08 
971.0E-9 7.1397E+08 
972.0E-9 6.8765E+08 
973.0E-9 6.0648E+08 
974.0E-9 5.7529E+08 
975.0E-9 5.8987E+08 
976.0E-9 5.7191E+08 
977.0E-9 6.3864E+08 
978.0E-9 6.1509E+08 
979.0E-9 6.3815E+08 
980.0E-9 6.0468E+08 
981.0E-9 7.1338E+08 
982.0E-9 6.9218E+08 
983.0E-9 6.6865E+08 
984.0E-9 7.3732E+08 
985.0E-9 6.8817E+08 
986.0E-9 7.5083E+08 
987.0E-9 7.3928E+08 
988.0E-9 7.3462E+08 
989.0E-9 7.4906E+08 
990.0E-9 7.3227E+08 
991.0E-9 7.5358E+08 
992.0E-9 7.5102E+08 
993.0E-9 7.3728E+08 
994.0E-9 7.5410E+08 
995.0E-9 7.5176E+08 
996.0E-9 7.4884E+08 
997.0E-9 7.3971E+08 
998.0E-9 7.3887E+08 
999.0E-9 7.3857E+08 
1000.0E-9 7.3532E+08 
1001.0E-9 7.4442E+08 
1002.0E-9 7.2805E+08 
1003.0E-9 7.3442E+08 
1004.0E-9 7.2336E+08 
1005.0E-9 6.8174E+08 
1006.0E-9 7.1252E+08 
1007.0E-9 7.2753E+08 
1008.0E-9 7.2685E+08 
1009.0E-9 7.1972E+08 
1010.0E-9 7.1914E+08 
1011.0E-9 7.2278E+08 
1012.0E-9 7.1877E+08 
1013.0E-9 7.1761E+08 
1014.0E-9 7.2068E+08 
1015.0E-9 7.0817E+08 
1016.0E-9 7.1129E+08 
1017.0E-9 7.0337E+08 
1018.0E-9 7.1422E+08 
1019.0E-9 6.8878E+08 
1020.0E-9 6.9896E+08 
1021.0E-9 7.0175E+08 
1022.0E-9 6.8970E+08 
1023.0E-9 6.9508E+08 
1024.0E-9 6.9058E+08 
1025.0E-9 6.9753E+08 
1026.0E-9 6.9636E+08 
1027.0E-9 6.9305E+08 
1028.0E-9 6.9385E+08 
1029.0E-9 6.8628E+08 
1030.0E-9 6.9055E+08 
1031.0E-9 6.8736E+08 
1032.0E-9 6.8787E+08 
1033.0E-9 6.7613E+08 
1034.0E-9 6.8015E+08 
1035.0E-9 6.8234E+08 
1036.0E-9 6.8202E+08 
1037.0E-9 6.7497E+08 
1038.0E-9 6.7172E+08 
1039.0E-9 6.7636E+08 
1040.0E-9 6.7170E+08 
1041.0E-9 6.7176E+08 
1042.0E-9 6.7200E+08 
1043.0E-9 6.6525E+08 
1044.0E-9 6.6833E+08 
1045.0E-9 6.6452E+08 
1046.0E-9 6.4714E+08 
1047.0E-9 6.5694E+08 
1048.0E-9 6.6274E+08 
1049.0E-9 6.5896E+08 
1050.0E-9 6.5463E+08 
1051.0E-9 6.5521E+08 
1052.0E-9 6.5118E+08 
1053.0E-9 6.4919E+08 
1054.0E-9 6.4646E+08 
1055.0E-9 6.4847E+08 
1056.0E-9 6.4641E+08 
1057.0E-9 6.4482E+08 
1058.0E-9 6.3818E+08 
1059.0E-9 6.1875E+08 
1060.0E-9 6.3585E+08 
1061.0E-9 6.2121E+08 
1062.0E-9 6.3266E+08 
1063.0E-9 6.2239E+08 
1064.0E-9 6.3196E+08 
1065.0E-9 6.2913E+08 
1066.0E-9 6.1713E+08 
1067.0E-9 6.2032E+08 
1068.0E-9 6.1944E+08 
1069.0E-9 5.8626E+08 
1070.0E-9 6.0469E+08 
1071.0E-9 6.1661E+08 
1072.0E-9 6.1536E+08 
1073.0E-9 6.0363E+08 
1074.0E-9 6.2158E+08 
1075.0E-9 5.9252E+08 
1076.0E-9 6.1471E+08 
1077.0E-9 6.0434E+08 
1078.0E-9 6.0321E+08 
1079.0E-9 6.0474E+08 
1080.0E-9 5.9722E+08 
1081.0E-9 5.8083E+08 
1082.0E-9 5.8940E+08 
1083.0E-9 5.9814E+08 
1084.0E-9 5.7852E+08 
1085.0E-9 5.9330E+08 
1086.0E-9 5.5410E+08 
1087.0E-9 5.6697E+08 
1088.0E-9 5.9317E+08 
1089.0E-9 5.7919E+08 
1090.0E-9 5.5573E+08 
1091.0E-9 5.8835E+08 
1092.0E-9 5.8124E+08 
1093.0E-9 5.1058E+08 
1094.0E-9 5.3965E+08 
1095.0E-9 5.2067E+08 
1096.0E-9 5.0323E+08 
1097.0E-9 5.7852E+08 
1098.0E-9 5.0291E+08 
1099.0E-9 5.0772E+08 
1100.0E-9 4.8577E+08 
1101.0E-9 4.9696E+08 
1102.0E-9 4.6883E+08 
1103.0E-9 4.6637E+08 
1104.0E-9 4.6765E+08 
1105.0E-9 5.0644E+08 
1106.0E-9 3.9792E+08 
1107.0E-9 4.8304E+08 
1108.0E-9 4.1565E+08 
1109.0E-9 4.1278E+08 
1110.0E-9 4.7899E+08 
1111.0E-9 3.3154E+08 
1112.0E-9 4.1357E+08 
1113.0E-9 2.6850E+08 
1114.0E-9 2.9985E+08 
1115.0E-9 2.4987E+08 
1116.0E-9 2.0136E+08 
1117.0E-9 7.9618E+07 
1118.0E-9 2.1753E+08 
1119.0E-9 1.1317E+08 
1120.0E-9 1.4189E+08 
1121.0E-9 1.8586E+08 
1122.0E-9 8.1686E+07 
1123.0E-9 1.2817E+08 
1124.0E-9 1.0870E+08 
1125.0E-9 1.4428E+08 
1126.0E-9 5.1589E+07 
1127.0E-9 1.5725E+08 
1128.0E-9 9.9224E+07 
1129.0E-9 1.0591E+08 
1130.0E-9 7.0574E+07 
1131.0E-9 2.9560E+08 
1132.0E-9 2.3411E+08 
1133.0E-9 1.5331E+08 
1134.0E-9 4.1740E+07 
1135.0E-9 1.5462E+07 
1136.0E-9 1.2876E+08 
1137.0E-9 2.8785E+08 
1138.0E-9 2.0329E+08 
1139.0E-9 2.9850E+08 
1140.0E-9 2.5599E+08 
1141.0E-9 1.9337E+08 
1142.0E-9 2.2479E+08 
1143.0E-9 3.1183E+08 
1144.0E-9 1.1326E+08 
1145.0E-9 1.4604E+08 
1146.0E-9 1.5764E+08 
1147.0E-9 5.9176E+07 
1148.0E-9 2.7113E+08 
1149.0E-9 2.1854E+08 
1150.0E-9 1.2164E+08 
1151.0E-9 2.0340E+08 
1152.0E-9 2.4762E+08 
1153.0E-9 2.3812E+08 
1154.0E-9 1.4248E+08 
1155.0E-9 3.1316E+08 
1156.0E-9 2.8090E+08 
1157.0E-9 3.1458E+08 
1158.0E-9 3.1171E+08 
1159.0E-9 3.3693E+08 
1160.0E-9 2.8648E+08 
1161.0E-9 3.4753E+08 
1162.0E-9 3.5002E+08 
1163.0E-9 4.6857E+08 
1164.0E-9 4.0188E+08 
1165.0E-9 3.8860E+08 
1166.0E-9 3.7494E+08 
1167.0E-9 4.0996E+08 
1168.0E-9 4.1954E+08 
1169.0E-9 4.2310E+08 
1170.0E-9 4.5873E+08 
1171.0E-9 4.4831E+08 
1172.0E-9 4.5483E+08 
1173.0E-9 4.5642E+08 
1174.0E-9 3.3692E+08 
1175.0E-9 4.5240E+08 
1176.0E-9 4.7679E+08 
1177.0E-9 4.7235E+08 
1178.0E-9 3.6000E+08 
1179.0E-9 4.8371E+08 
1180.0E-9 4.4069E+08 
1181.0E-9 4.5514E+08 
1182.0E-9 3.2318E+08 
1183.0E-9 4.3870E+08 
1184.0E-9 4.1985E+08 
1185.0E-9 4.0741E+08 
1186.0E-9 4.7715E+08 
1187.0E-9 4.5575E+08 
1188.0E-9 3.3504E+08 
1189.0E-9 4.1569E+08 
1190.0E-9 4.6239E+08 
1191.0E-9 4.4660E+08 
1192.0E-9 4.7336E+08 
1193.0E-9 4.5434E+08 
1194.0E-9 4.6890E+08 
1195.0E-9 4.4696E+08 
1196.0E-9 4.3131E+08 
1197.0E-9 4.7715E+08 
1198.0E-9 4.3392E+08 
1199.0E-9 3.6489E+08 
1200.0E-9 4.4825E+08 
1201.0E-9 4.3708E+08 
1202.0E-9 4.3717E+08 
1203.0E-9 4.3409E+08 
1204.0E-9 3.6247E+08 
1205.0E-9 4.3692E+08 
1206.0E-9 4.8086E+08 
1207.0E-9 4.2986E+08 
1208.0E-9 4.3346E+08 
1209.0E-9 4.1428E+08 
1210.0E-9 4.5336E+08 
1211.0E-9 4.2232E+08 
1212.0E-9 4.2489E+08 
1213.0E-9 4.6956E+08 
1214.0E-9 4.3407E+08 
1215.0E-9 4.2780E+08 
1216.0E-9 4.6640E+08 
1217.0E-9 4.5528E+08 
1218.0E-9 4.5934E+08 
1219.0E-9 4.4663E+08 
1220.0E-9 4.5805E+08 
1221.0E-9 4.6531E+08 
1222.0E-9 4.5139E+08 
1223.0E-9 4.4406E+08 
1224.0E-9 4.4808E+08 
1225.0E-9 4.6236E+08 
1226.0E-9 4.6819E+08 
1227.0E-9 4.3304E+08 
1228.0E-9 4.6658E+08 
1229.0E-9 4.6721E+08 
1230.0E-9 4.6003E+08 
1231.0E-9 4.7203E+08 
1232.0E-9 4.6633E+08 
1233.0E-9 4.5397E+08 
1234.0E-9 4.7016E+08 
1235.0E-9 4.6504E+08 
1236.0E-9 4.6908E+08 
1237.0E-9 4.6339E+08 
1238.0E-9 4.6797E+08 
1239.0E-9 4.6272E+08 
1240.0E-9 4.6077E+08 
1241.0E-9 4.6197E+08 
1242.0E-9 4.6247E+08 
1243.0E-9 4.5754E+08 
1244.0E-9 4.5528E+08 
1245.0E-9 4.5655E+08 
1246.0E-9 4.5945E+08 
1247.0E-9 4.5746E+08 
1248.0E-9 4.5860E+08 
1249.0E-9 4.5966E+08 
1250.0E-9 4.5705E+08 
1251.0E-9 4.5258E+08 
1252.0E-9 4.5097E+08 
1253.0E-9 4.4773E+08 
1254.0E-9 4.4363E+08 
1255.0E-9 4.5070E+08 
1256.0E-9 4.4023E+08 
1257.0E-9 4.3532E+08 
1258.0E-9 4.4496E+08 
1259.0E-9 4.2725E+08 
1260.0E-9 4.3110E+08 
1261.0E-9 4.1146E+08 
1262.0E-9 3.9567E+08 
1263.0E-9 4.0019E+08 
1264.0E-9 3.7148E+08 
1265.0E-9 3.9570E+08 
1266.0E-9 3.8527E+08 
1267.0E-9 3.8822E+08 
1268.0E-9 3.7051E+08 
1269.0E-9 2.4652E+08 
1270.0E-9 3.8744E+08 
1271.0E-9 4.0825E+08 
1272.0E-9 4.0879E+08 
1273.0E-9 4.0625E+08 
1274.0E-9 4.0614E+08 
1275.0E-9 4.1233E+08 
1276.0E-9 4.1693E+08 
1277.0E-9 4.2001E+08 
1278.0E-9 4.2763E+08 
1279.0E-9 4.2456E+08 
1280.0E-9 4.2204E+08 
1281.0E-9 4.1335E+08 
1282.0E-9 3.7305E+08 
1283.0E-9 4.0733E+08 
1284.0E-9 4.2078E+08 
1285.0E-9 4.2399E+08 
1286.0E-9 4.2714E+08 
1287.0E-9 4.2213E+08 
1288.0E-9 4.1989E+08 
1289.0E-9 4.0936E+08 
1290.0E-9 4.1285E+08 
1291.0E-9 4.1786E+08 
1292.0E-9 3.9618E+08 
1293.0E-9 4.1257E+08 
1294.0E-9 4.0421E+08 
1295.0E-9 4.0514E+08 
1296.0E-9 3.8957E+08 
1297.0E-9 3.7130E+08 
1298.0E-9 3.9183E+08 
1299.0E-9 4.0852E+08 
1300.0E-9 3.5312E+08 
1301.0E-9 3.6228E+08 
1302.0E-9 3.9181E+08 
1303.0E-9 3.4621E+08 
1304.0E-9 3.0062E+08 
1305.0E-9 3.8382E+08 
1306.0E-9 3.8453E+08 
1307.0E-9 3.0594E+08 
1308.0E-9 3.4696E+08 
1309.0E-9 3.8413E+08 
1310.0E-9 3.0114E+08 
1311.0E-9 3.3366E+08 
1312.0E-9 3.3337E+08 
1313.0E-9 3.1352E+08 
1314.0E-9 2.8833E+08 
1315.0E-9 2.8581E+08 
1316.0E-9 3.2419E+08 
1317.0E-9 3.1217E+08 
1318.0E-9 3.3328E+08 
1319.0E-9 2.6855E+08 
1320.0E-9 2.5872E+08 
1321.0E-9 2.9866E+08 
1322.0E-9 3.0217E+08 
1323.0E-9 2.3279E+08 
1324.0E-9 2.6249E+08 
1325.0E-9 3.2224E+08 
1326.0E-9 2.8051E+08 
1327.0E-9 2.6625E+08 
1328.0E-9 2.3450E+08 
1329.0E-9 1.7759E+08 
1330.0E-9 2.2923E+08 
1331.0E-9 1.4480E+08 
1332.0E-9 1.4579E+08 
1333.0E-9 2.0304E+08 
1334.0E-9 1.6925E+08 
1335.0E-9 2.3117E+08 
1336.0E-9 1.8348E+08 
1337.0E-9 1.6454E+08 
1338.0E-9 1.7804E+08 
1339.0E-9 1.7681E+08 
1340.0E-9 1.6831E+08 
1341.0E-9 1.7039E+08 
1342.0E-9 1.7798E+08 
1343.0E-9 1.2711E+08 
1344.0E-9 7.5645E+07 
1345.0E-9 1.0904E+08 
1346.0E-9 5.8186E+07 
1347.0E-9 6.0119E+07 
1348.0E-9 4.7451E+06 
1349.0E-9 1.6159E+07 
1350.0E-9 1.6025E+07 
1351.0E-9 4.6298E+06 
1352.0E-9 1.5164E+06 
1353.0E-9 9.6096E+04 
1354.0E-9 2.9009E+05 
1355.0E-9 3.6034E+03 
1356.0E-9 4.8070E+04 
1357.0E-9 7.1786E+04 
1358.0E-9 4.1948E+03 
1359.0E-9 7.3439E+02 
1360.0E-9 2.1404E+03 
1361.0E-9 4.8133E+00 
1362.0E-9 1.8076E-02 
1363.0E-9 3.1563E+03 
1364.0E-9 1.3589E+03 
1365.0E-9 9.0764E-03 
1366.0E-9 1.2791E+04 
1367.0E-9 4.9764E+03 
1368.0E-9 1.4810E-04 
1369.0E-9 5.1667E+02 
1370.0E-9 2.9200E+02 
1371.0E-9 1.9731E+01 
1372.0E-9 2.7498E+03 
1373.0E-9 4.4401E+04 
1374.0E-9 1.7917E+05 
1375.0E-9 3.2332E+05 
1376.0E-9 2.5748E+05 
1377.0E-9 1.2270E+05 
1378.0E-9 1.1089E+06 
1379.0E-9 5.2164E+04 
1380.0E-9 8.1587E+04 
1381.0E-9 2.3716E+03 
1382.0E-9 2.5672E+03 
1383.0E-9 4.4017E+01 
1384.0E-9 6.1689E+02 
1385.0E-9 2.0899E+03 
1386.0E-9 2.5215E+03 
1387.0E-9 1.9896E+05 
1388.0E-9 4.0262E+03 
1389.0E-9 5.8098E+05 
1390.0E-9 4.9328E+05 
1391.0E-9 3.4384E+05 
1392.0E-9 2.3782E+04 
1393.0E-9 1.1586E+05 
1394.0E-9 7.5526E+04 
1395.0E-9 6.7136E+02 
1396.0E-9 6.3215E+00 
1397.0E-9 4.9057E+04 
1398.0E-9 1.2704E+06 
1399.0E-9 8.1226E+05 
1400.0E-9 3.2466E+00 
1401.0E-9 1.0528E+01 
1402.0E-9 1.8353E+06 
1403.0E-9 2.3800E+06 
1404.0E-9 7.3892E+05 
1405.0E-9 3.6444E+02 
1406.0E-9 2.0448E+06 
1407.0E-9 1.7457E+05 
1408.0E-9 1.6493E+06 
1409.0E-9 6.1919E+05 
1410.0E-9 4.6653E+05 
1411.0E-9 2.1142E+06 
1412.0E-9 2.6396E+06 
1413.0E-9 2.3353E+07 
1414.0E-9 3.6378E+05 
1415.0E-9 1.8366E+05 
1416.0E-9 3.5565E+07 
1417.0E-9 1.1759E+07 
1418.0E-9 1.3559E+07 
1419.0E-9 2.1442E+06 
1420.0E-9 8.2718E+06 
1421.0E-9 9.1637E+06 
1422.0E-9 4.6314E+07 
1423.0E-9 9.2198E+06 
1424.0E-9 1.6975E+07 
1425.0E-9 2.5850E+07 
1426.0E-9 2.7792E+07 
1427.0E-9 4.9546E+07 
1428.0E-9 4.5588E+06 
1429.0E-9 3.8020E+07 
1430.0E-9 6.1601E+07 
1431.0E-9 5.0156E+07 
1432.0E-9 2.5194E+06 
1433.0E-9 3.5834E+07 
1434.0E-9 2.0962E+07 
1435.0E-9 2.1416E+07 
1436.0E-9 3.8351E+07 
1437.0E-9 2.9880E+07 
1438.0E-9 1.3263E+07 
1439.0E-9 5.1039E+07 
1440.0E-9 3.9601E+07 
1441.0E-9 3.1800E+07 
1442.0E-9 3.6317E+07 
1443.0E-9 4.5063E+07 
1444.0E-9 6.1791E+07 
1445.0E-9 4.9751E+07 
1446.0E-9 2.3095E+07 
1447.0E-9 3.6215E+07 
1448.0E-9 1.1569E+08 
1449.0E-9 1.0213E+08 
1450.0E-9 2.7412E+07 
1451.0E-9 1.1271E+07 
1452.0E-9 6.2361E+07 
1453.0E-9 8.1978E+07 
1454.0E-9 1.3759E+08 
1455.0E-9 6.6150E+07 
1456.0E-9 8.8509E+07 
1457.0E-9 1.1700E+08 
1458.0E-9 1.3643E+08 
1459.0E-9 1.6307E+08 
1460.0E-9 8.5421E+07 
1461.0E-9 9.0276E+07 
1462.0E-9 1.3060E+08 
1463.0E-9 4.3225E+07 
1464.0E-9 1.5184E+08 
1465.0E-9 9.3383E+07 
1466.0E-9 6.5197E+07 
1467.0E-9 3.6054E+07 
1468.0E-9 7.6942E+07 
1469.0E-9 9.4845E+07 
1470.0E-9 4.9678E+07 
1471.0E-9 1.7848E+07 
1472.0E-9 4.6771E+07 
1473.0E-9 7.0198E+07 
1474.0E-9 9.7339E+07 
1475.0E-9 1.8463E+08 
1476.0E-9 6.8778E+07 
1477.0E-9 6.9736E+07 
1478.0E-9 6.3480E+07 
1479.0E-9 1.2001E+08 
1480.0E-9 6.0637E+07 
1481.0E-9 1.1529E+08 
1482.0E-9 5.8490E+07 
1483.0E-9 1.4859E+08 
1484.0E-9 1.3747E+08 
1485.0E-9 1.2503E+08 
1486.0E-9 1.2340E+08 
1487.0E-9 6.0629E+07 
1488.0E-9 9.4180E+07 
1489.0E-9 1.8973E+08 
1490.0E-9 1.7478E+08 
1491.0E-9 1.9778E+08 
1492.0E-9 1.6441E+08 
1493.0E-9 1.8157E+08 
1494.0E-9 2.0367E+08 
1495.0E-9 1.8253E+08 
1496.0E-9 1.6852E+08 
1497.0E-9 2.2850E+08 
1498.0E-9 1.8968E+08 
1499.0E-9 2.1759E+08 
1500.0E-9 2.5061E+08 
1501.0E-9 2.6552E+08 
1502.0E-9 2.3356E+08 
1503.0E-9 1.8493E+08 
1504.0E-9 1.6029E+08 
1505.0E-9 1.8402E+08 
1506.0E-9 2.5773E+08 
1507.0E-9 2.5514E+08 
1508.0E-9 2.4302E+08 
1509.0E-9 1.8690E+08 
1510.0E-9 2.7052E+08 
1511.0E-9 2.6474E+08 
1512.0E-9 2.6068E+08 
1513.0E-9 2.4239E+08 
1514.0E-9 2.2571E+08 
1515.0E-9 2.6573E+08 
1516.0E-9 2.5683E+08 
1517.0E-9 2.4929E+08 
1518.0E-9 2.5211E+08 
1519.0E-9 2.4437E+08 
1520.0E-9 2.6450E+08 
1521.0E-9 2.7505E+08 
1522.0E-9 2.6378E+08 
1523.0E-9 2.8004E+08 
1524.0E-9 2.7539E+08 
1525.0E-9 2.5884E+08 
1526.0E-9 2.6745E+08 
1527.0E-9 2.6220E+08 
1528.0E-9 2.7928E+08 
1529.0E-9 2.7244E+08 
1530.0E-9 2.5522E+08 
1531.0E-9 2.6973E+08 
1532.0E-9 2.7839E+08 
1533.0E-9 2.7714E+08 
1534.0E-9 2.6892E+08 
1535.0E-9 2.6686E+08 
1536.0E-9 2.7464E+08 
1537.0E-9 2.7336E+08 
1538.0E-9 2.7202E+08 
1539.0E-9 2.7295E+08 
1540.0E-9 2.6491E+08 
1541.0E-9 2.6904E+08 
1542.0E-9 2.6927E+08 
1543.0E-9 2.7208E+08 
1544.0E-9 2.7210E+08 
1545.0E-9 2.7705E+08 
1546.0E-9 2.7481E+08 
1547.0E-9 2.7309E+08 
1548.0E-9 2.6675E+08 
1549.0E-9 2.7342E+08 
1550.0E-9 2.6990E+08 
1551.0E-9 2.7058E+08 
1552.0E-9 2.7182E+08 
1553.0E-9 2.7132E+08 
1554.0E-9 2.6474E+08 
1555.0E-9 2.6759E+08 
1556.0E-9 2.6310E+08 
1557.0E-9 2.7062E+08 
1558.0E-9 2.6848E+08 
1559.0E-9 2.6808E+08 
1560.0E-9 2.6568E+08 
1561.0E-9 2.7002E+08 
1562.0E-9 2.6756E+08 
1563.0E-9 2.6667E+08 
1564.0E-9 2.6264E+08 
1565.0E-9 2.6728E+08 
1566.0E-9 2.6245E+08 
1567.0E-9 2.6308E+08 
1568.0E-9 2.5722E+08 
1569.0E-9 2.5452E+08 
1570.0E-9 2.4175E+08 
1571.0E-9 2.3507E+08 
1572.0E-9 2.3775E+08 
1573.0E-9 2.3407E+08 
1574.0E-9 2.4145E+08 
1575.0E-9 2.3974E+08 
1576.0E-9 2.4678E+08 
1577.0E-9 2.1602E+08 
1578.0E-9 2.3516E+08 
1579.0E-9 2.3672E+08 
1580.0E-9 2.4464E+08 
1581.0E-9 2.4870E+08 
1582.0E-9 2.4195E+08 
1583.0E-9 2.4755E+08 
1584.0E-9 2.4904E+08 
1585.0E-9 2.5874E+08 
1586.0E-9 2.5569E+08 
1587.0E-9 2.5303E+08 
1588.0E-9 2.5107E+08 
1589.0E-9 2.3233E+08 
1590.0E-9 2.4179E+08 
1591.0E-9 2.4197E+08 
1592.0E-9 2.5225E+08 
1593.0E-9 2.5833E+08 
1594.0E-9 2.5624E+08 
1595.0E-9 2.5823E+08 
1596.0E-9 2.4452E+08 
1597.0E-9 2.4692E+08 
1598.0E-9 2.5421E+08 
1599.0E-9 2.4202E+08 
1600.0E-9 2.3810E+08 
1601.0E-9 2.2323E+08 
1602.0E-9 2.2413E+08 
1603.0E-9 2.2397E+08 
1604.0E-9 2.2842E+08 
1605.0E-9 2.3683E+08 
1606.0E-9 2.4140E+08 
1607.0E-9 2.3296E+08 
1608.0E-9 2.2990E+08 
1609.0E-9 2.2727E+08 
1610.0E-9 2.1760E+08 
1611.0E-9 2.2680E+08 
1612.0E-9 2.3076E+08 
1613.0E-9 2.3719E+08 
1614.0E-9 2.3838E+08 
1615.0E-9 2.4104E+08 
1616.0E-9 2.3050E+08 
1617.0E-9 2.3465E+08 
1618.0E-9 2.4352E+08 
1619.0E-9 2.4100E+08 
1620.0E-9 2.3449E+08 
1621.0E-9 2.3430E+08 
1622.0E-9 2.3754E+08 
1623.0E-9 2.4246E+08 
1624.0E-9 2.4269E+08 
1625.0E-9 2.3782E+08 
1626.0E-9 2.3971E+08 
1627.0E-9 2.4078E+08 
1628.0E-9 2.4126E+08 
1629.0E-9 2.4137E+08 
1630.0E-9 2.3651E+08 
1631.0E-9 2.3806E+08 
1632.0E-9 2.3821E+08 
1633.0E-9 2.3267E+08 
1634.0E-9 2.3282E+08 
1635.0E-9 2.3367E+08 
1636.0E-9 2.3539E+08 
1637.0E-9 2.2700E+08 
1638.0E-9 2.2007E+08 
1639.0E-9 2.2026E+08 
1640.0E-9 2.1511E+08 
1641.0E-9 2.1960E+08 
1642.0E-9 2.2082E+08 
1643.0E-9 2.1535E+08 
1644.0E-9 2.2355E+08 
1645.0E-9 2.1822E+08 
1646.0E-9 2.1749E+08 
1647.0E-9 2.2768E+08 
1648.0E-9 2.1655E+08 
1649.0E-9 2.1867E+08 
1650.0E-9 2.2526E+08 
1651.0E-9 2.0855E+08 
1652.0E-9 2.2373E+08 
1653.0E-9 2.2277E+08 
1654.0E-9 2.1583E+08 
1655.0E-9 2.2231E+08 
1656.0E-9 2.2101E+08 
1657.0E-9 2.2223E+08 
1658.0E-9 2.2487E+08 
1659.0E-9 2.2120E+08 
1660.0E-9 2.2332E+08 
1661.0E-9 2.2384E+08 
1662.0E-9 2.1908E+08 
1663.0E-9 2.2235E+08 
1664.0E-9 2.2098E+08 
1665.0E-9 2.1178E+08 
1666.0E-9 1.7884E+08 
1667.0E-9 2.1068E+08 
1668.0E-9 2.1459E+08 
1669.0E-9 2.1516E+08 
1670.0E-9 2.2168E+08 
1671.0E-9 2.1879E+08 
1672.0E-9 2.1147E+08 
1673.0E-9 2.1629E+08 
1674.0E-9 2.1575E+08 
1675.0E-9 2.1360E+08 
1676.0E-9 2.1145E+08 
1677.0E-9 2.1229E+08 
1678.0E-9 2.0915E+08 
1679.0E-9 2.1303E+08 
1680.0E-9 2.0558E+08 
1681.0E-9 1.9447E+08 
1682.0E-9 2.0366E+08 
1683.0E-9 2.0906E+08 
1684.0E-9 1.9797E+08 
1685.0E-9 2.1321E+08 
1686.0E-9 2.1026E+08 
1687.0E-9 2.0484E+08 
1688.0E-9 2.1013E+08 
1689.0E-9 2.0718E+08 
1690.0E-9 2.0523E+08 
1691.0E-9 1.9303E+08 
1692.0E-9 2.0708E+08 
1693.0E-9 2.1134E+08 
1694.0E-9 2.0477E+08 
1695.0E-9 2.0968E+08 
1696.0E-9 2.0922E+08 
1697.0E-9 1.8107E+08 
1698.0E-9 2.0739E+08 
1699.0E-9 2.0551E+08 
1700.0E-9 1.9975E+08 
1702.0E-9 2.0396E+08 
1705.0E-9 1.9778E+08 
1710.0E-9 1.8790E+08 
1715.0E-9 1.8965E+08 
1720.0E-9 1.8698E+08 
1725.0E-9 1.7808E+08 
1730.0E-9 1.7407E+08 
1735.0E-9 1.6154E+08 
1740.0E-9 1.6818E+08 
1745.0E-9 1.5481E+08 
1750.0E-9 1.6566E+08 
1755.0E-9 1.5301E+08 
1760.0E-9 1.5998E+08 
1765.0E-9 1.3284E+08 
1770.0E-9 1.4172E+08 
1775.0E-9 1.1484E+08 
1780.0E-9 1.0050E+08 
1785.0E-9 7.6981E+07 
1790.0E-9 8.8904E+07 
1795.0E-9 4.6931E+07 
1800.0E-9 3.1828E+07 
1805.0E-9 1.4815E+07 
1810.0E-9 9.6911E+06 
1815.0E-9 3.2816E+06 
1820.0E-9 9.8755E+05 
1825.0E-9 1.2744E+06 
1830.0E-9 5.2041E+03 
1835.0E-9 6.4190E+03 
1840.0E-9 6.2703E+01 
1845.0E-9 6.2658E+03 
1850.0E-9 2.9993E+03 
1855.0E-9 2.8396E+02 
1860.0E-9 1.1151E+04 
1865.0E-9 1.6982E+04 
1870.0E-9 2.6662E-01 
1875.0E-9 4.5130E-01 
1880.0E-9 7.7505E+04 
1885.0E-9 4.3890E+04 
1890.0E-9 2.2333E+05 
1895.0E-9 1.2947E+05 
1900.0E-9 8.6221E+02 
1905.0E-9 5.6667E+02 
1910.0E-9 2.3045E+04 
1915.0E-9 1.9947E+04 
1920.0E-9 4.5069E+05 
1925.0E-9 9.3615E+05 
1930.0E-9 5.5242E+05 
1935.0E-9 3.5935E+06 
1940.0E-9 3.2821E+06 
1945.0E-9 1.0863E+07 
1950.0E-9 1.6727E+07 
1955.0E-9 1.0036E+07 
1960.0E-9 2.1906E+07 
1965.0E-9 2.8563E+07 
1970.0E-9 4.8847E+07 
1975.0E-9 6.7857E+07 
1980.0E-9 7.5512E+07 
1985.0E-9 8.3063E+07 
1990.0E-9 8.5613E+07 
1995.0E-9 8.1190E+07 
2000.0E-9 3.8156E+07 
2005.0E-9 1.5001E+07 
2010.0E-9 3.9748E+07 
2015.0E-9 2.6648E+07 
2020.0E-9 4.4981E+07 
2025.0E-9 7.4010E+07 
2030.0E-9 8.4856E+07 
2035.0E-9 9.6386E+07 
2040.0E-9 8.9781E+07 
2045.0E-9 9.1074E+07 
2050.0E-9 6.7927E+07 
2055.0E-9 5.4906E+07 
2060.0E-9 6.9193E+07 
2065.0E-9 6.1875E+07 
2070.0E-9 6.5676E+07 
2075.0E-9 7.7443E+07 
2080.0E-9 8.6812E+07 
2085.0E-9 8.5102E+07 
2090.0E-9 8.9100E+07 
2095.0E-9 8.9747E+07 
2100.0E-9 8.6133E+07 
2105.0E-9 9.3153E+07 
2110.0E-9 8.9654E+07 
2115.0E-9 9.1673E+07 
2120.0E-9 8.7588E+07 
2125.0E-9 8.8632E+07 
2130.0E-9 8.9774E+07 
2135.0E-9 9.0044E+07 
2140.0E-9 9.0767E+07 
2145.0E-9 8.9486E+07 
2150.0E-9 8.4639E+07 
2155.0E-9 8.4840E+07 
2160.0E-9 8.4170E+07 
2165.0E-9 7.6310E+07 
2170.0E-9 8.1996E+07 
2175.0E-9 8.0448E+07 
2180.0E-9 8.1808E+07 
2185.0E-9 7.4550E+07 
2190.0E-9 7.9068E+07 
2195.0E-9 7.8992E+07 
2200.0E-9 7.1202E+07 
2205.0E-9 7.4010E+07 
2210.0E-9 7.9315E+07 
2215.0E-9 7.6273E+07 
2220.0E-9 7.7730E+07 
2225.0E-9 7.5453E+07 
2230.0E-9 7.5773E+07 
2235.0E-9 7.4299E+07 
2240.0E-9 7.3118E+07 
2245.0E-9 7.0838E+07 
2250.0E-9 7.1937E+07 
2255.0E-9 6.7690E+07 
2260.0E-9 6.6929E+07 
2265.0E-9 6.8137E+07 
2270.0E-9 6.4867E+07 
2275.0E-9 6.4021E+07 
2280.0E-9 6.6288E+07 
2285.0E-9 6.3080E+07 
2290.0E-9 6.3220E+07 
2295.0E-9 6.1265E+07 
2300.0E-9 5.8824E+07 
2305.0E-9 5.9171E+07 
2310.0E-9 6.3870E+07 
2315.0E-9 5.8141E+07 
2320.0E-9 5.2031E+07 
2325.0E-9 5.6215E+07 
2330.0E-9 5.6824E+07 
2335.0E-9 5.7967E+07 
2340.0E-9 4.5836E+07 
2345.0E-9 5.1400E+07 
2350.0E-9 4.1536E+07 
2355.0E-9 4.7473E+07 
2360.0E-9 5.0237E+07 
2365.0E-9 4.9409E+07 
2370.0E-9 3.0817E+07 
2375.0E-9 4.4147E+07 
2380.0E-9 4.2552E+07 
2385.0E-9 3.0826E+07 
2390.0E-9 3.7109E+07 
2395.0E-9 4.0594E+07 
2400.0E-9 4.4150E+07 
2405.0E-9 3.3599E+07 
2410.0E-9 3.3813E+07 
2415.0E-9 2.7300E+07 
2420.0E-9 2.6590E+07 
2425.0E-9 3.3078E+07 
2430.0E-9 4.5099E+07 
2435.0E-9 1.4878E+07 
2440.0E-9 4.3249E+07 
2445.0E-9 2.0798E+07 
2450.0E-9 1.3611E+07 
2455.0E-9 2.4853E+07 
2460.0E-9 3.3363E+07 
2465.0E-9 2.4148E+07 
2470.0E-9 1.6727E+07 
2475.0E-9 1.6455E+07 
2480.0E-9 8.0395E+06 
2485.0E-9 5.6102E+06 
2490.0E-9 3.5113E+06 
2495.0E-9 2.8772E+06 
2500.0E-9 7.0642E+06 
2505.0E-9 1.5191E+06 
2510.0E-9 2.2163E+06 
2515.0E-9 5.1880E+05 
2520.0E-9 3.7054E+05 
2525.0E-9 4.1393E+04 
2530.0E-9 6.3593E+02 
2535.0E-9 1.7502E+02 
2540.0E-9 3.7716E+02 
2545.0E-9 5.3758E-02 
2550.0E-9 2.8222E-04 
2555.0E-9 1.0435E+00 
2560.0E-9 3.1020E-02 
2565.0E-9 1.5955E-05 
2570.0E-9 1.5258E-09 
2575.0E-9 1.0786E-18 
2580.0E-9 3.8214E-13 
2585.0E-9 1.7194E-25 
2590.0E-9 5.4793E-22 
2595.0E-9 2.2838E-24 
2600.0E-9 4.4912E-19 
2605.0E-9 5.8053E-26 
2610.0E-9 5.9447E-25 
2615.0E-9 1.1196E-28 
2620.0E-9 5.6505E-20 
2625.0E-9 3.8687E-19 
2630.0E-9 2.8026E-36 
2635.0E-9 3.9027E-07 
2640.0E-9 1.1750E-07 
2645.0E-9 8.9988E-10 
2650.0E-9 1.4295E-10 
2655.0E-9 1.3133E-18 
2660.0E-9 2.6068E-16 
2665.0E-9 1.1123E-28 
2670.0E-9 0.0000E+00 
2675.0E-9 0.0000E+00 
2680.0E-9 0.0000E+00 
2685.0E-9 0.0000E+00 
2690.0E-9 1.0226E-20 
2695.0E-9 7.1284E-24 
2700.0E-9 0.0000E+00 
2705.0E-9 2.9315E-33 
2710.0E-9 1.1250E-26 
2715.0E-9 3.8557E-17 
2720.0E-9 5.6052E-36 
2725.0E-9 7.2935E-13 
2730.0E-9 6.0734E-10 
2735.0E-9 5.4888E-12 
2740.0E-9 2.3314E-18 
2745.0E-9 1.3146E-14 
2750.0E-9 1.6648E-19 
2755.0E-9 6.7262E-35 
2760.0E-9 0.0000E+00 
2765.0E-9 2.6777E-18 
2770.0E-9 8.3791E-15 
2775.0E-9 3.9990E-29 
2780.0E-9 4.8067E-25 
2785.0E-9 3.8866E-18 
2790.0E-9 1.2170E-07 
2795.0E-9 3.6205E-07 
2800.0E-9 1.6484E-03 
2805.0E-9 6.7478E-05 
2810.0E-9 4.0233E-01 
2815.0E-9 2.8685E-01 
2820.0E-9 2.0548E-02 
2825.0E-9 1.7605E+02 
2830.0E-9 3.9008E+03 
2835.0E-9 2.1276E-01 
2840.0E-9 1.9609E+02 
2845.0E-9 4.0575E+04 
2850.0E-9 1.1566E+03 
2855.0E-9 4.4867E+02 
2860.0E-9 2.5356E+04 
2865.0E-9 1.6763E+05 
2870.0E-9 6.3129E+03 
2875.0E-9 3.9170E+05 
2880.0E-9 2.4724E+05 
2885.0E-9 4.5332E+05 
2890.0E-9 1.8623E+05 
2895.0E-9 2.6643E+06 
2900.0E-9 8.1152E+05 
2905.0E-9 1.1096E+05 
2910.0E-9 2.7220E+06 
2915.0E-9 1.2581E+06 
2920.0E-9 2.8948E+06 
2925.0E-9 1.0835E+06 
2930.0E-9 5.8858E+06 
2935.0E-9 6.4903E+06 
2940.0E-9 1.6273E+06 
2945.0E-9 1.4489E+06 
2950.0E-9 5.2276E+06 
2955.0E-9 2.3361E+06 
2960.0E-9 4.5971E+06 
2965.0E-9 7.4379E+06 
2970.0E-9 3.5233E+05 
2975.0E-9 8.5429E+05 
2980.0E-9 1.3381E+06 
2985.0E-9 6.9628E+06 
2990.0E-9 1.0280E+07 
2995.0E-9 4.2755E+06 
3000.0E-9 7.8472E+06 
3005.0E-9 2.8906E+06 
3010.0E-9 6.8479E+06 
3015.0E-9 5.5551E+06 
3020.0E-9 6.3369E+05 
3025.0E-9 7.5031E+06 
3030.0E-9 6.0753E+06 
3035.0E-9 2.4986E+06 
3040.0E-9 2.0242E+06 
3045.0E-9 4.2090E+06 
3050.0E-9 1.0321E+06 
3055.0E-9 2.8947E+05 
3060.0E-9 6.3012E+06 
3065.0E-9 2.9113E+06 
3070.0E-9 1.7492E+06 
3075.0E-9 6.0221E+06 
3080.0E-9 3.6224E+06 
3085.0E-9 1.7671E+06 
3090.0E-9 2.3805E+06 
3095.0E-9 6.5510E+05 
3100.0E-9 4.4010E+06 
3105.0E-9 9.2155E+05 
3110.0E-9 8.4569E+05 
3115.0E-9 2.2677E+06 
3120.0E-9 9.8197E+06 
3125.0E-9 3.0289E+06 
3130.0E-9 5.7614E+06 
3135.0E-9 1.1446E+07 
3140.0E-9 3.3241E+06 
3145.0E-9 3.2517E+06 
3150.0E-9 6.6744E+06 
3155.0E-9 5.6366E+06 
3160.0E-9 9.2320E+06 
3165.0E-9 1.4017E+07 
3170.0E-9 1.2516E+07 
3175.0E-9 9.2302E+06 
3180.0E-9 1.0621E+07 
3185.0E-9 8.0823E+06 
3190.0E-9 4.2388E+06 
3195.0E-9 2.6927E+06 
3200.0E-9 4.3843E+05 
3205.0E-9 3.0973E+05 
3210.0E-9 1.3634E+05 
3215.0E-9 4.9752E+05 
3220.0E-9 1.6089E+06 
3225.0E-9 1.9875E+05 
3230.0E-9 3.4080E+05 
3235.0E-9 7.2940E+06 
3240.0E-9 3.7464E+06 
3245.0E-9 7.3409E+05 
3250.0E-9 2.6067E+06 
3255.0E-9 9.9378E+06 
3260.0E-9 1.2248E+06 
3265.0E-9 2.4465E+06 
3270.0E-9 1.2186E+06 
3275.0E-9 5.9265E+06 
3280.0E-9 2.8644E+06 
3285.0E-9 1.1128E+07 
3290.0E-9 8.7571E+06 
3295.0E-9 1.2234E+06 
3300.0E-9 1.7794E+06 
3305.0E-9 3.9416E+06 
3310.0E-9 3.9235E+06 
3315.0E-9 1.6133E+04 
3320.0E-9 5.9987E+04 
3325.0E-9 3.5187E+06 
3330.0E-9 4.6616E+06 
3335.0E-9 9.0694E+06 
3340.0E-9 3.4602E+06 
3345.0E-9 3.5408E+06 
3350.0E-9 8.0277E+06 
3355.0E-9 3.6308E+06 
3360.0E-9 5.2402E+06 
3365.0E-9 7.1907E+06 
3370.0E-9 3.9389E+06 
3375.0E-9 8.4560E+06 
3380.0E-9 5.1115E+06 
3385.0E-9 7.4896E+06 
3390.0E-9 9.8552E+06 
3395.0E-9 9.5465E+06 
3400.0E-9 1.2509E+07 
3405.0E-9 4.4594E+06 
3410.0E-9 7.0802E+06 
3415.0E-9 7.2774E+06 
3420.0E-9 1.3165E+07 
3425.0E-9 1.0006E+07 
3430.0E-9 8.6892E+06 
3435.0E-9 1.1553E+07 
3440.0E-9 8.0348E+06 
3445.0E-9 1.1318E+07 
3450.0E-9 1.1153E+07 
3455.0E-9 8.3089E+06 
3460.0E-9 1.2530E+07 
3465.0E-9 9.8179E+06 
3470.0E-9 1.2264E+07 
3475.0E-9 1.0943E+07 
3480.0E-9 1.1224E+07 
3485.0E-9 1.2094E+07 
3490.0E-9 1.0419E+07 
3495.0E-9 1.2265E+07 
3500.0E-9 1.1917E+07 
3505.0E-9 1.1809E+07 
3510.0E-9 1.1963E+07 
3515.0E-9 1.1494E+07 
3520.0E-9 1.2122E+07 
3525.0E-9 1.1428E+07 
3530.0E-9 1.1127E+07 
3535.0E-9 9.4556E+06 
3540.0E-9 9.0310E+06 
3545.0E-9 9.5432E+06 
3550.0E-9 1.0538E+07 
3555.0E-9 9.0581E+06 
3560.0E-9 1.0795E+07 
3565.0E-9 1.0851E+07 
3570.0E-9 8.3376E+06 
3575.0E-9 8.6444E+06 
3580.0E-9 1.0187E+07 
3585.0E-9 9.1671E+06 
3590.0E-9 9.4523E+06 
3595.0E-9 9.6700E+06 
3600.0E-9 1.0262E+07 
3605.0E-9 1.0359E+07 
3610.0E-9 9.4787E+06 
3615.0E-9 9.4726E+06 
3620.0E-9 1.1614E+07 
3625.0E-9 1.0239E+07 
3630.0E-9 9.9550E+06 
3635.0E-9 1.0299E+07 
3640.0E-9 1.1480E+07 
3645.0E-9 1.0599E+07 
3650.0E-9 1.0123E+07 
3655.0E-9 1.0978E+07 
3660.0E-9 1.0914E+07 
3665.0E-9 1.0253E+07 
3670.0E-9 7.9003E+06 
3675.0E-9 4.8286E+06 
3680.0E-9 8.3312E+06 
3685.0E-9 9.4380E+06 
3690.0E-9 9.6922E+06 
3695.0E-9 1.0132E+07 
3700.0E-9 1.0878E+07 
3705.0E-9 1.0770E+07 
3710.0E-9 9.3640E+06 
3715.0E-9 9.2254E+06 
3720.0E-9 1.0376E+07 
3725.0E-9 1.0698E+07 
3730.0E-9 9.2707E+06 
3735.0E-9 8.5837E+06 
3740.0E-9 8.8494E+06 
3745.0E-9 1.0331E+07 
3750.0E-9 9.2903E+06 
3755.0E-9 8.9918E+06 
3760.0E-9 8.8633E+06 
3765.0E-9 8.5502E+06 
3770.0E-9 9.1243E+06 
3775.0E-9 9.0521E+06 
3780.0E-9 9.5746E+06 
3785.0E-9 8.8123E+06 
3790.0E-9 7.7564E+06 
3795.0E-9 8.8692E+06 
3800.0E-9 9.8592E+06 
3805.0E-9 9.3049E+06 
3810.0E-9 8.2451E+06 
3815.0E-9 7.7569E+06 
3820.0E-9 9.6550E+06 
3825.0E-9 9.5056E+06 
3830.0E-9 9.5925E+06 
3835.0E-9 7.6916E+06 
3840.0E-9 8.9756E+06 
3845.0E-9 8.7801E+06 
3850.0E-9 8.8274E+06 
3855.0E-9 8.5085E+06 
3860.0E-9 7.9940E+06 
3865.0E-9 8.0989E+06 
3870.0E-9 7.3604E+06 
3875.0E-9 6.7620E+06 
3880.0E-9 6.5340E+06 
3885.0E-9 6.7717E+06 
3890.0E-9 6.8818E+06 
3895.0E-9 7.4760E+06 
3900.0E-9 7.9254E+06 
3905.0E-9 7.9269E+06 
3910.0E-9 7.1353E+06 
3915.0E-9 6.9868E+06 
3920.0E-9 6.9466E+06 
3925.0E-9 6.8520E+06 
3930.0E-9 7.0502E+06 
3935.0E-9 7.3541E+06 
3940.0E-9 7.4027E+06 
3945.0E-9 7.5412E+06 
3950.0E-9 7.6277E+06 
3955.0E-9 7.7199E+06 
3960.0E-9 7.7482E+06 
3965.0E-9 7.8057E+06 
3970.0E-9 7.6806E+06 
3975.0E-9 7.5097E+06 
3980.0E-9 7.3872E+06 
3985.0E-9 7.4327E+06 
3990.0E-9 7.3723E+06 
3995.0E-9 7.2100E+06 
4000.0E-9 7.1043E+06 
