lambda n k
300E-9 0.27571 3.61265 
301E-9 0.27754 3.62538 
302E-9 0.27937 3.63812 
303E-9 0.2812 3.65085 
304E-9 0.28303 3.66359 
305E-9 0.28485 3.67632 
306E-9 0.28668 3.68906 
307E-9 0.28851 3.70179 
308E-9 0.29034 3.71453 
309E-9 0.29217 3.72726 
310E-9 0.294 3.74 
311E-9 0.29596 3.75263 
312E-9 0.29792 3.76525 
313E-9 0.29988 3.77788 
314E-9 0.30185 3.7905 
315E-9 0.30381 3.80313 
316E-9 0.30577 3.81575 
317E-9 0.30773 3.82838 
318E-9 0.30969 3.84101 
319E-9 0.31165 3.85363 
320E-9 0.31361 3.86626 
321E-9 0.31557 3.87888 
322E-9 0.31754 3.89151 
323E-9 0.3195 3.90414 
324E-9 0.32146 3.91676 
325E-9 0.32342 3.92939 
326E-9 0.32538 3.94201 
327E-9 0.3274 3.95461 
328E-9 0.32944 3.96718 
329E-9 0.33148 3.97976 
330E-9 0.33352 3.99234 
331E-9 0.33556 4.00491 
332E-9 0.3376 4.01749 
333E-9 0.33964 4.03007 
334E-9 0.34168 4.04264 
335E-9 0.34372 4.05522 
336E-9 0.34577 4.0678 
337E-9 0.34781 4.08037 
338E-9 0.34985 4.09295 
339E-9 0.35189 4.10553 
340E-9 0.35393 4.1181 
341E-9 0.35597 4.13068 
342E-9 0.35801 4.14326 
343E-9 0.36005 4.15583 
344E-9 0.36209 4.16841 
345E-9 0.36421 4.18091 
346E-9 0.36638 4.19335 
347E-9 0.36855 4.20578 
348E-9 0.37072 4.21822 
349E-9 0.37289 4.23066 
350E-9 0.37506 4.2431 
351E-9 0.37724 4.25553 
352E-9 0.37941 4.26797 
353E-9 0.38158 4.28041 
354E-9 0.38375 4.29285 
355E-9 0.38592 4.30528 
356E-9 0.38809 4.31772 
357E-9 0.39027 4.33016 
358E-9 0.39244 4.3426 
359E-9 0.39461 4.35503 
360E-9 0.39678 4.36747 
361E-9 0.39895 4.37991 
362E-9 0.40112 4.39235 
363E-9 0.4033 4.40478 
364E-9 0.40547 4.41722 
365E-9 0.40768 4.42964 
366E-9 0.41001 4.44201 
367E-9 0.41233 4.45438 
368E-9 0.41466 4.46675 
369E-9 0.41698 4.47913 
370E-9 0.41931 4.4915 
371E-9 0.42163 4.50387 
372E-9 0.42396 4.51624 
373E-9 0.42629 4.52861 
374E-9 0.42861 4.54098 
375E-9 0.43094 4.55335 
376E-9 0.43326 4.56573 
377E-9 0.43559 4.5781 
378E-9 0.43791 4.59047 
379E-9 0.44024 4.60284 
380E-9 0.44256 4.61521 
381E-9 0.44489 4.62758 
382E-9 0.44721 4.63996 
383E-9 0.44954 4.65233 
384E-9 0.45186 4.6647 
385E-9 0.45419 4.67707 
386E-9 0.45651 4.68944 
387E-9 0.45884 4.70181 
388E-9 0.46122 4.71412 
389E-9 0.46366 4.72635 
390E-9 0.4661 4.73858 
391E-9 0.46854 4.75081 
392E-9 0.47097 4.76305 
393E-9 0.47341 4.77528 
394E-9 0.47585 4.78751 
395E-9 0.47829 4.79974 
396E-9 0.48073 4.81197 
397E-9 0.48317 4.82421 
398E-9 0.48561 4.83644 
399E-9 0.48805 4.84867 
400E-9 0.49048 4.8609 
401E-9 0.49292 4.87314 
402E-9 0.49536 4.88537 
403E-9 0.4978 4.8976 
404E-9 0.50024 4.90983 
405E-9 0.50268 4.92206 
406E-9 0.50512 4.9343 
407E-9 0.50755 4.94653 
408E-9 0.50999 4.95876 
409E-9 0.51243 4.97099 
410E-9 0.51487 4.98323 
411E-9 0.51731 4.99546 
412E-9 0.51975 5.00769 
413E-9 0.52219 5.01992 
414E-9 0.52469 5.03215 
415E-9 0.52723 5.04438 
416E-9 0.52977 5.05661 
417E-9 0.53231 5.06883 
418E-9 0.53485 5.08106 
419E-9 0.5374 5.09329 
420E-9 0.53994 5.10552 
421E-9 0.54248 5.11774 
422E-9 0.54502 5.12997 
423E-9 0.54756 5.1422 
424E-9 0.5501 5.15443 
425E-9 0.55264 5.16665 
426E-9 0.55518 5.17888 
427E-9 0.55772 5.19111 
428E-9 0.56026 5.20334 
429E-9 0.5628 5.21556 
430E-9 0.56534 5.22779 
431E-9 0.56788 5.24002 
432E-9 0.57042 5.25225 
433E-9 0.57296 5.26447 
434E-9 0.5755 5.2767 
435E-9 0.57804 5.28893 
436E-9 0.58058 5.30115 
437E-9 0.58312 5.31338 
438E-9 0.58566 5.32561 
439E-9 0.5882 5.33784 
440E-9 0.59074 5.35006 
441E-9 0.59328 5.36229 
442E-9 0.59582 5.37452 
443E-9 0.59841 5.38674 
444E-9 0.60125 5.39892 
445E-9 0.6041 5.4111 
446E-9 0.60695 5.42329 
447E-9 0.6098 5.43547 
448E-9 0.61264 5.44765 
449E-9 0.61549 5.45983 
450E-9 0.61834 5.47202 
451E-9 0.62119 5.4842 
452E-9 0.62403 5.49638 
453E-9 0.62688 5.50856 
454E-9 0.62973 5.52075 
455E-9 0.63258 5.53293 
456E-9 0.63542 5.54511 
457E-9 0.63827 5.55729 
458E-9 0.64112 5.56947 
459E-9 0.64397 5.58166 
460E-9 0.64681 5.59384 
461E-9 0.64966 5.60602 
462E-9 0.65251 5.6182 
463E-9 0.65536 5.63039 
464E-9 0.6582 5.64257 
465E-9 0.66105 5.65475 
466E-9 0.6639 5.66693 
467E-9 0.66674 5.67911 
468E-9 0.66959 5.6913 
469E-9 0.67244 5.70348 
470E-9 0.67529 5.71566 
471E-9 0.67813 5.72784 
472E-9 0.68098 5.74003 
473E-9 0.68383 5.75221 
474E-9 0.68668 5.76439 
475E-9 0.68952 5.77657 
476E-9 0.69237 5.78875 
477E-9 0.69525 5.80093 
478E-9 0.69855 5.81309 
479E-9 0.70185 5.82524 
480E-9 0.70514 5.83739 
481E-9 0.70844 5.84955 
482E-9 0.71173 5.8617 
483E-9 0.71503 5.87385 
484E-9 0.71833 5.88601 
485E-9 0.72162 5.89816 
486E-9 0.72492 5.91031 
487E-9 0.72821 5.92246 
488E-9 0.73151 5.93462 
489E-9 0.73481 5.94677 
490E-9 0.7381 5.95892 
491E-9 0.7414 5.97108 
492E-9 0.7447 5.98323 
493E-9 0.74799 5.99538 
494E-9 0.75129 6.00753 
495E-9 0.75458 6.01969 
496E-9 0.75788 6.03184 
497E-9 0.76118 6.04399 
498E-9 0.76447 6.05615 
499E-9 0.76777 6.0683 
500E-9 0.77106 6.08045 
501E-9 0.77436 6.0926 
502E-9 0.77766 6.10476 
503E-9 0.78095 6.11691 
504E-9 0.78425 6.12906 
505E-9 0.78755 6.14122 
506E-9 0.79084 6.15337 
507E-9 0.79414 6.16552 
508E-9 0.79743 6.17767 
509E-9 0.80073 6.18983 
510E-9 0.80403 6.20198 
511E-9 0.80732 6.21413 
512E-9 0.81062 6.22629 
513E-9 0.81391 6.23844 
514E-9 0.81721 6.25059 
515E-9 0.82051 6.26275 
516E-9 0.8238 6.2749 
517E-9 0.82736 6.287 
518E-9 0.83145 6.29898 
519E-9 0.83554 6.31097 
520E-9 0.83963 6.32295 
521E-9 0.84371 6.33494 
522E-9 0.8478 6.34693 
523E-9 0.85189 6.35891 
524E-9 0.85598 6.3709 
525E-9 0.86006 6.38289 
526E-9 0.86415 6.39487 
527E-9 0.86824 6.40686 
528E-9 0.87233 6.41885 
529E-9 0.87642 6.43083 
530E-9 0.8805 6.44282 
531E-9 0.88459 6.45481 
532E-9 0.88868 6.46679 
533E-9 0.89277 6.47878 
534E-9 0.89685 6.49077 
535E-9 0.90094 6.50275 
536E-9 0.90503 6.51474 
537E-9 0.90912 6.52672 
538E-9 0.91321 6.53871 
539E-9 0.91729 6.5507 
540E-9 0.92138 6.56268 
541E-9 0.92547 6.57467 
542E-9 0.92956 6.58666 
543E-9 0.93364 6.59864 
544E-9 0.93773 6.61063 
545E-9 0.94182 6.62262 
546E-9 0.94591 6.6346 
547E-9 0.94999 6.64659 
548E-9 0.95408 6.65858 
549E-9 0.95817 6.67056 
550E-9 0.96226 6.68255 
551E-9 0.96635 6.69453 
552E-9 0.97043 6.70652 
553E-9 0.97452 6.71851 
554E-9 0.97861 6.73049 
555E-9 0.9827 6.74248 
556E-9 0.98678 6.75447 
557E-9 0.99087 6.76645 
558E-9 0.99496 6.77844 
559E-9 0.99905 6.79043 
560E-9 1.00314 6.80241 
561E-9 1.00722 6.8144 
562E-9 1.01131 6.82639 
563E-9 1.0154 6.83837 
564E-9 1.01985 6.85008 
565E-9 1.02492 6.86131 
566E-9 1.02999 6.87255 
567E-9 1.03507 6.88378 
568E-9 1.04014 6.89501 
569E-9 1.04522 6.90624 
570E-9 1.05029 6.91747 
571E-9 1.05536 6.9287 
572E-9 1.06044 6.93993 
573E-9 1.06551 6.95116 
574E-9 1.07059 6.96239 
575E-9 1.07566 6.97362 
576E-9 1.08074 6.98485 
577E-9 1.08581 6.99608 
578E-9 1.09088 7.00731 
579E-9 1.09596 7.01854 
580E-9 1.10103 7.02977 
581E-9 1.10611 7.041 
582E-9 1.11118 7.05224 
583E-9 1.11625 7.06347 
584E-9 1.12133 7.0747 
585E-9 1.1264 7.08593 
586E-9 1.13148 7.09716 
587E-9 1.13655 7.10839 
588E-9 1.14163 7.11962 
589E-9 1.1467 7.13085 
590E-9 1.15177 7.14208 
591E-9 1.15685 7.15331 
592E-9 1.16192 7.16454 
593E-9 1.167 7.17577 
594E-9 1.17207 7.187 
595E-9 1.17715 7.19823 
596E-9 1.18222 7.20946 
597E-9 1.18729 7.2207 
598E-9 1.19237 7.23193 
599E-9 1.19744 7.24316 
600E-9 1.20252 7.25439 
601E-9 1.20759 7.26562 
602E-9 1.21266 7.27685 
603E-9 1.21774 7.28808 
604E-9 1.22281 7.29931 
605E-9 1.22789 7.31054 
606E-9 1.23296 7.32177 
607E-9 1.23804 7.333 
608E-9 1.24311 7.34423 
609E-9 1.24818 7.35546 
610E-9 1.25326 7.36669 
611E-9 1.25833 7.37792 
612E-9 1.26341 7.38915 
613E-9 1.26848 7.40039 
614E-9 1.27355 7.41162 
615E-9 1.27863 7.42285 
616E-9 1.2837 7.43408 
617E-9 1.28878 7.44531 
618E-9 1.29385 7.45654 
619E-9 1.29893 7.46777 
620E-9 1.304 7.479 
621E-9 1.30964 7.48948 
622E-9 1.31528 7.49996 
623E-9 1.32092 7.51044 
624E-9 1.32655 7.52092 
625E-9 1.33219 7.5314 
626E-9 1.33783 7.54188 
627E-9 1.34347 7.55236 
628E-9 1.34911 7.56285 
629E-9 1.35475 7.57333 
630E-9 1.36039 7.58381 
631E-9 1.36603 7.59429 
632E-9 1.37166 7.60477 
633E-9 1.3773 7.61525 
634E-9 1.38294 7.62573 
635E-9 1.38858 7.63621 
636E-9 1.39422 7.64669 
637E-9 1.39986 7.65717 
638E-9 1.4055 7.66765 
639E-9 1.41114 7.67813 
640E-9 1.41677 7.68861 
641E-9 1.42241 7.69909 
642E-9 1.42805 7.70957 
643E-9 1.43369 7.72005 
644E-9 1.43933 7.73054 
645E-9 1.44497 7.74102 
646E-9 1.45061 7.7515 
647E-9 1.45625 7.76198 
648E-9 1.46188 7.77246 
649E-9 1.46752 7.78294 
650E-9 1.47316 7.79342 
651E-9 1.4788 7.8039 
652E-9 1.48444 7.81438 
653E-9 1.49057 7.8249 
654E-9 1.49755 7.83549 
655E-9 1.50453 7.84608 
656E-9 1.5115 7.85667 
657E-9 1.51848 7.86727 
658E-9 1.52546 7.87786 
659E-9 1.53244 7.88845 
660E-9 1.53942 7.89904 
661E-9 1.54639 7.90963 
662E-9 1.55337 7.92022 
663E-9 1.56035 7.93081 
664E-9 1.56733 7.9414 
665E-9 1.57431 7.95199 
666E-9 1.58128 7.96258 
667E-9 1.58826 7.97318 
668E-9 1.59524 7.98377 
669E-9 1.60222 7.99436 
670E-9 1.6092 8.00495 
671E-9 1.61617 8.01554 
672E-9 1.62315 8.02613 
673E-9 1.63013 8.03672 
674E-9 1.63711 8.04731 
675E-9 1.64408 8.0579 
676E-9 1.65106 8.06849 
677E-9 1.65804 8.07909 
678E-9 1.66502 8.08968 
679E-9 1.672 8.10027 
680E-9 1.67897 8.11086 
681E-9 1.68595 8.12145 
682E-9 1.69293 8.13204 
683E-9 1.69991 8.14263 
684E-9 1.70689 8.15322 
685E-9 1.71386 8.16381 
686E-9 1.72084 8.1744 
687E-9 1.72782 8.18499 
688E-9 1.7348 8.19559 
689E-9 1.7421 8.20601 
690E-9 1.75202 8.21509 
691E-9 1.76194 8.22417 
692E-9 1.77186 8.23325 
693E-9 1.78178 8.24233 
694E-9 1.7917 8.25142 
695E-9 1.80162 8.2605 
696E-9 1.81154 8.26958 
697E-9 1.82146 8.27866 
698E-9 1.83139 8.28774 
699E-9 1.84131 8.29682 
700E-9 1.85123 8.3059 
701E-9 1.86115 8.31498 
702E-9 1.87107 8.32407 
703E-9 1.88099 8.33315 
704E-9 1.89091 8.34223 
705E-9 1.90083 8.35131 
706E-9 1.91075 8.36039 
707E-9 1.92067 8.36947 
708E-9 1.93059 8.37855 
709E-9 1.94051 8.38763 
710E-9 1.95043 8.39672 
711E-9 1.96035 8.4058 
712E-9 1.97027 8.41488 
713E-9 1.98019 8.42396 
714E-9 1.99011 8.43304 
715E-9 2.00003 8.44212 
716E-9 2.00995 8.4512 
717E-9 2.01987 8.46029 
718E-9 2.02979 8.46937 
719E-9 2.03971 8.47845 
720E-9 2.04963 8.48753 
721E-9 2.05955 8.49661 
722E-9 2.06947 8.50569 
723E-9 2.07939 8.51477 
724E-9 2.08931 8.52385 
725E-9 2.09923 8.53294 
726E-9 2.10915 8.54202 
727E-9 2.11907 8.5511 
728E-9 2.12899 8.56018 
729E-9 2.13892 8.56926 
730E-9 2.14922 8.57331 
731E-9 2.15979 8.57384 
732E-9 2.17037 8.57436 
733E-9 2.18094 8.57489 
734E-9 2.19151 8.57542 
735E-9 2.20208 8.57594 
736E-9 2.21266 8.57647 
737E-9 2.22323 8.57699 
738E-9 2.2338 8.57752 
739E-9 2.24438 8.57805 
740E-9 2.25495 8.57857 
741E-9 2.26552 8.5791 
742E-9 2.27609 8.57963 
743E-9 2.28667 8.58015 
744E-9 2.29724 8.58068 
745E-9 2.30781 8.58121 
746E-9 2.31839 8.58173 
747E-9 2.32896 8.58226 
748E-9 2.33953 8.58279 
749E-9 2.3501 8.58331 
750E-9 2.36068 8.58384 
751E-9 2.37125 8.58437 
752E-9 2.38182 8.58489 
753E-9 2.3924 8.58542 
754E-9 2.40297 8.58594 
755E-9 2.41354 8.58647 
756E-9 2.42411 8.587 
757E-9 2.43469 8.58752 
758E-9 2.44526 8.58805 
759E-9 2.45583 8.58858 
760E-9 2.46641 8.5891 
761E-9 2.47698 8.58963 
762E-9 2.48755 8.59016 
763E-9 2.49813 8.59068 
764E-9 2.5087 8.59121 
765E-9 2.51927 8.59174 
766E-9 2.52984 8.59226 
767E-9 2.54042 8.59279 
768E-9 2.55099 8.59331 
769E-9 2.56156 8.59384 
770E-9 2.57214 8.59437 
771E-9 2.58271 8.59489 
772E-9 2.59328 8.59542 
773E-9 2.60385 8.59595 
774E-9 2.61443 8.59647 
775E-9 2.625 8.597 
776E-9 2.62732 8.59143 
777E-9 2.62965 8.58585 
778E-9 2.63197 8.58028 
779E-9 2.63429 8.5747 
780E-9 2.63661 8.56913 
781E-9 2.63894 8.56355 
782E-9 2.64126 8.55798 
783E-9 2.64358 8.55241 
784E-9 2.6459 8.54683 
785E-9 2.64823 8.54126 
786E-9 2.65055 8.53568 
787E-9 2.65287 8.53011 
788E-9 2.65519 8.52454 
789E-9 2.65752 8.51896 
790E-9 2.65984 8.51339 
791E-9 2.66216 8.50781 
792E-9 2.66448 8.50224 
793E-9 2.66681 8.49666 
794E-9 2.66913 8.49109 
795E-9 2.67145 8.48552 
796E-9 2.67377 8.47994 
797E-9 2.6761 8.47437 
798E-9 2.67842 8.46879 
799E-9 2.68074 8.46322 
800E-9 2.68306 8.45765 
