lambda n k
300E-9 1.73 2.77 
301E-9 1.73 2.77 
302E-9 1.74 2.77 
303E-9 1.75 2.77 
304E-9 1.76 2.8 
305E-9 1.78 2.8 
306E-9 1.795 2.8 
307E-9 1.81 2.82 
308E-9 1.81 2.82 
309E-9 1.82 2.82 
310E-9 1.83 2.82 
311E-9 1.85 2.82 
312E-9 1.85 2.82 
313E-9 1.85 2.82 
314E-9 1.86 2.82 
315E-9 1.86 2.85 
316E-9 1.88 2.85 
317E-9 1.9 2.85 
318E-9 1.9 2.88 
319E-9 1.91 2.88 
320E-9 1.92 2.88 
321E-9 1.94 2.88 
322E-9 1.94 2.88 
323E-9 1.945 2.88 
324E-9 1.95 2.88 
325E-9 1.97 2.91 
326E-9 1.98 2.91 
327E-9 1.99 2.91 
328E-9 2.01 2.91 
329E-9 2.02 2.91 
330E-9 2.03 2.91 
331E-9 2.05 2.93 
332E-9 2.05 2.93 
333E-9 2.07 2.93 
334E-9 2.09 2.93 
335E-9 2.11 2.93 
336E-9 2.12 2.93 
337E-9 2.13 2.93 
338E-9 2.15 2.96 
339E-9 2.16 2.96 
340E-9 2.17 2.96 
341E-9 2.19 2.96 
342E-9 2.19 2.96 
343E-9 2.2 2.96 
344E-9 2.21 2.96 
345E-9 2.23 2.96 
346E-9 2.24 2.96 
347E-9 2.25 2.96 
348E-9 2.27 2.99 
349E-9 2.29 2.99 
350E-9 2.29 2.99 
351E-9 2.29 2.99 
352E-9 2.32 2.99 
353E-9 2.33 3.005 
354E-9 2.34 3.02 
355E-9 2.34 3.02 
356E-9 2.36 3.02 
357E-9 2.38 3.02 
358E-9 2.38 3.02 
359E-9 2.38 3.02 
360E-9 2.405 3.02 
361E-9 2.43 3.02 
362E-9 2.43 3.02 
363E-9 2.45 3.02 
364E-9 2.47 3.02 
365E-9 2.47 3.02 
366E-9 2.47 3.02 
367E-9 2.47 3.02 
368E-9 2.52 3.02 
369E-9 2.52 3.02 
370E-9 2.52 3.035 
371E-9 2.52 3.05 
372E-9 2.57 3.05 
373E-9 2.57 3.05 
374E-9 2.57 3.05 
375E-9 2.62 3.05 
376E-9 2.62 3.05 
377E-9 2.62 3.05 
378E-9 2.64 3.07 
379E-9 2.69 3.07 
380E-9 2.69 3.07 
381E-9 2.69 3.07 
382E-9 2.72 3.07 
383E-9 2.735 3.07 
384E-9 2.75 3.07 
385E-9 2.75 3.07 
386E-9 2.77 3.07 
387E-9 2.785 3.07 
388E-9 2.8 3.07 
389E-9 2.82 3.07 
390E-9 2.89 3.07 
391E-9 2.96 3.07 
392E-9 2.96 2.96 
393E-9 2.96 2.96 
394E-9 2.96 2.96 
395E-9 2.96 2.96 
396E-9 2.9667 2.9667 
397E-9 2.9733 2.9733 
398E-9 2.98 2.98 
399E-9 2.995 2.995 
400E-9 3.01 3.01 
401E-9 3.03 3.03 
402E-9 3.05 3.05 
403E-9 3.055 3.055 
404E-9 3.06 3.06 
405E-9 3.0633 3.0633 
406E-9 3.0667 3.0667 
407E-9 3.07 3.07 
408E-9 3.07 3.07 
409E-9 3.07 3.07 
410E-9 3.08 3.08 
411E-9 3.09 3.09 
412E-9 3.095 3.095 
413E-9 3.1 3.1 
414E-9 3.1067 3.1067 
415E-9 3.1133 3.1133 
416E-9 3.12 3.12 
417E-9 3.19 3.04 
418E-9 3.26 2.96 
419E-9 3.27 2.96 
420E-9 3.28 2.96 
421E-9 3.315 2.96 
422E-9 3.35 2.96 
423E-9 3.35 2.96 
424E-9 3.35 2.96 
425E-9 3.35 2.96 
426E-9 3.38 2.955 
427E-9 3.41 2.95 
428E-9 3.43 2.94 
429E-9 3.45 2.93 
430E-9 3.46 2.9233 
431E-9 3.47 2.9167 
432E-9 3.48 2.91 
433E-9 3.5 2.905 
434E-9 3.52 2.9 
435E-9 3.53 2.89 
436E-9 3.54 2.88 
437E-9 3.56 2.88 
438E-9 3.58 2.88 
439E-9 3.59 2.86 
440E-9 3.6 2.84 
441E-9 3.61 2.82 
442E-9 3.62 2.82 
443E-9 3.63 2.82 
444E-9 3.655 2.82 
445E-9 3.68 2.82 
446E-9 3.695 2.8 
447E-9 3.71 2.78 
448E-9 3.7233 2.7767 
449E-9 3.7367 2.7733 
450E-9 3.75 2.77 
451E-9 3.75 2.755 
452E-9 3.75 2.74 
453E-9 3.78 2.73 
454E-9 3.81 2.72 
455E-9 3.815 2.715 
456E-9 3.82 2.71 
457E-9 3.83 2.6967 
458E-9 3.84 2.6833 
459E-9 3.85 2.67 
460E-9 3.87 2.67 
461E-9 3.89 2.67 
462E-9 3.89 2.645 
463E-9 3.89 2.62 
464E-9 3.91 2.62 
465E-9 3.93 2.62 
466E-9 3.95 2.61 
467E-9 3.96 2.6 
468E-9 3.97 2.59 
469E-9 3.97 2.58 
470E-9 3.97 2.57 
471E-9 4.005 2.56 
472E-9 4.04 2.55 
473E-9 4.04 2.54 
474E-9 4.04 2.53 
475E-9 4.04 2.52 
476E-9 4.04 2.51 
477E-9 4.04 2.5 
478E-9 4.08 2.485 
479E-9 4.12 2.47 
480E-9 4.12 2.46 
481E-9 4.12 2.45 
482E-9 4.12 2.4367 
483E-9 4.12 2.4233 
484E-9 4.12 2.41 
485E-9 4.16 2.41 
486E-9 4.2 2.41 
487E-9 4.2 2.385 
488E-9 4.2 2.36 
489E-9 4.2 2.345 
490E-9 4.2 2.33 
491E-9 4.2 2.32 
492E-9 4.2 2.31 
493E-9 4.2 2.3 
494E-9 4.225 2.28 
495E-9 4.25 2.26 
496E-9 4.265 2.255 
497E-9 4.28 2.25 
498E-9 4.28 2.23 
499E-9 4.28 2.21 
500E-9 4.28 2.1967 
501E-9 4.28 2.1833 
502E-9 4.28 2.17 
503E-9 4.28 2.155 
504E-9 4.28 2.14 
505E-9 4.32 2.135 
506E-9 4.36 2.13 
507E-9 4.36 2.11 
508E-9 4.36 2.09 
509E-9 4.36 2.0833 
510E-9 4.36 2.0767 
511E-9 4.36 2.07 
512E-9 4.36 2.055 
513E-9 4.36 2.04 
514E-9 4.36 2.025 
515E-9 4.36 2.01 
516E-9 4.3633 1.9967 
517E-9 4.3667 1.9833 
518E-9 4.37 1.97 
519E-9 4.385 1.965 
520E-9 4.4 1.96 
521E-9 4.4 1.945 
522E-9 4.4 1.93 
523E-9 4.405 1.915 
524E-9 4.41 1.9 
525E-9 4.42 1.89 
526E-9 4.43 1.88 
527E-9 4.44 1.87 
528E-9 4.44 1.85 
529E-9 4.44 1.83 
530E-9 4.44 1.815 
531E-9 4.44 1.8 
532E-9 4.44 1.79 
533E-9 4.44 1.78 
534E-9 4.44 1.7733 
535E-9 4.445 1.7667 
536E-9 4.45 1.76 
537E-9 4.465 1.745 
538E-9 4.48 1.73 
539E-9 4.48 1.72 
540E-9 4.48 1.71 
541E-9 4.48 1.695 
542E-9 4.48 1.68 
543E-9 4.48 1.67 
544E-9 4.48 1.66 
545E-9 4.48 1.65 
546E-9 4.48 1.635 
547E-9 4.48 1.62 
548E-9 4.48 1.61 
549E-9 4.48 1.6 
550E-9 4.48 1.58 
551E-9 4.48 1.56 
552E-9 4.48 1.55 
553E-9 4.48 1.54 
554E-9 4.48 1.53 
555E-9 4.48 1.52 
556E-9 4.48 1.51 
557E-9 4.48 1.5 
558E-9 4.48 1.49 
559E-9 4.48 1.4767 
560E-9 4.48 1.4633 
561E-9 4.48 1.45 
562E-9 4.48 1.44 
563E-9 4.48 1.43 
564E-9 4.48 1.42 
565E-9 4.48 1.41 
566E-9 4.48 1.39 
567E-9 4.48 1.37 
568E-9 4.48 1.3633 
569E-9 4.48 1.3567 
570E-9 4.48 1.35 
571E-9 4.48 1.34 
572E-9 4.48 1.33 
573E-9 4.48 1.315 
574E-9 4.48 1.3 
575E-9 4.48 1.295 
576E-9 4.48 1.29 
577E-9 4.48 1.28 
578E-9 4.48 1.27 
579E-9 4.48 1.26 
580E-9 4.48 1.245 
581E-9 4.48 1.23 
582E-9 4.48 1.22 
583E-9 4.48 1.21 
584E-9 4.48 1.195 
585E-9 4.48 1.18 
586E-9 4.48 1.1767 
587E-9 4.48 1.1733 
588E-9 4.48 1.17 
589E-9 4.48 1.16 
590E-9 4.48 1.15 
591E-9 4.48 1.14 
592E-9 4.48 1.13 
593E-9 4.48 1.115 
594E-9 4.48 1.1 
595E-9 4.48 1.09 
596E-9 4.48 1.08 
597E-9 4.48 1.07 
598E-9 4.48 1.065 
599E-9 4.48 1.06 
600E-9 4.48 1.05 
601E-9 4.48 1.04 
602E-9 4.48 1.03 
603E-9 4.48 1.02 
604E-9 4.48 1.0167 
605E-9 4.48 1.0133 
606E-9 4.48 1.01 
607E-9 4.48 0.9995 
608E-9 4.48 0.989 
609E-9 4.48 0.9815 
610E-9 4.48 0.974 
611E-9 4.48 0.96633 
612E-9 4.48 0.95867 
613E-9 4.48 0.951 
614E-9 4.46 0.9395 
615E-9 4.44 0.928 
616E-9 4.44 0.921 
617E-9 4.44 0.914 
618E-9 4.44 0.903 
619E-9 4.44 0.892 
620E-9 4.44 0.88767 
621E-9 4.425 0.88333 
622E-9 4.41 0.879 
623E-9 4.405 0.867 
624E-9 4.4 0.855 
625E-9 4.4 0.8495 
626E-9 4.4 0.844 
627E-9 4.4 0.834 
628E-9 4.4 0.824 
629E-9 4.4 0.81967 
630E-9 4.4 0.81533 
631E-9 4.4 0.811 
632E-9 4.4 0.8015 
633E-9 4.4 0.792 
634E-9 4.3867 0.7835 
635E-9 4.3733 0.775 
636E-9 4.36 0.7685 
637E-9 4.36 0.762 
638E-9 4.36 0.758 
639E-9 4.36 0.754 
640E-9 4.36 0.75 
641E-9 4.36 0.744 
642E-9 4.36 0.738 
643E-9 4.36 0.7295 
644E-9 4.36 0.721 
645E-9 4.36 0.7115 
646E-9 4.36 0.702 
647E-9 4.36 0.69667 
648E-9 4.36 0.69133 
649E-9 4.36 0.686 
650E-9 4.36 0.681 
651E-9 4.36 0.676 
652E-9 4.36 0.6675 
653E-9 4.36 0.659 
654E-9 4.36 0.65267 
655E-9 4.345 0.64633 
656E-9 4.33 0.64 
657E-9 4.325 0.6365 
658E-9 4.32 0.633 
659E-9 4.32 0.6235 
660E-9 4.32 0.614 
661E-9 4.32 0.605 
662E-9 4.32 0.596 
663E-9 4.32 0.59367 
664E-9 4.32 0.59133 
665E-9 4.32 0.589 
666E-9 4.32 0.58 
667E-9 4.32 0.571 
668E-9 4.32 0.5635 
669E-9 4.32 0.556 
670E-9 4.3067 0.5495 
671E-9 4.2933 0.543 
672E-9 4.28 0.539 
673E-9 4.28 0.535 
674E-9 4.28 0.531 
675E-9 4.28 0.5285 
676E-9 4.28 0.526 
677E-9 4.28 0.522 
678E-9 4.28 0.518 
679E-9 4.28 0.509 
680E-9 4.28 0.5 
681E-9 4.28 0.49633 
682E-9 4.28 0.49267 
683E-9 4.28 0.489 
684E-9 4.27 0.482 
685E-9 4.26 0.475 
686E-9 4.2533 0.4705 
687E-9 4.2467 0.466 
688E-9 4.24 0.461 
689E-9 4.24 0.456 
690E-9 4.24 0.45433 
691E-9 4.24 0.45267 
692E-9 4.24 0.451 
693E-9 4.225 0.4445 
694E-9 4.21 0.438 
695E-9 4.2067 0.4345 
696E-9 4.2033 0.431 
697E-9 4.2 0.4235 
698E-9 4.2 0.416 
699E-9 4.2 0.41267 
700E-9 4.2 0.40933 
701E-9 4.2 0.406 
702E-9 4.2 0.401 
703E-9 4.2 0.396 
704E-9 4.2 0.3915 
705E-9 4.2 0.387 
706E-9 4.2 0.38433 
707E-9 4.2 0.38167 
708E-9 4.2 0.379 
709E-9 4.2 0.3735 
710E-9 4.2 0.368 
711E-9 4.1867 0.3625 
712E-9 4.1733 0.357 
713E-9 4.16 0.352 
714E-9 4.14 0.347 
715E-9 4.12 0.34333 
716E-9 4.12 0.33967 
717E-9 4.12 0.336 
718E-9 4.12 0.331 
719E-9 4.12 0.326 
720E-9 4.12 0.3215 
721E-9 4.12 0.317 
722E-9 4.12 0.3135 
723E-9 4.12 0.31 
724E-9 4.12 0.309 
725E-9 4.12 0.308 
726E-9 4.12 0.307 
727E-9 4.105 0.3025 
728E-9 4.09 0.298 
729E-9 4.0867 0.293 
730E-9 4.0833 0.288 
731E-9 4.08 0.2815 
732E-9 4.08 0.275 
733E-9 4.08 0.273 
734E-9 4.08 0.271 
735E-9 4.08 0.269 
736E-9 4.08 0.2665 
737E-9 4.08 0.264 
738E-9 4.08 0.26 
739E-9 4.08 0.256 
740E-9 4.08 0.252 
741E-9 4.06 0.248 
742E-9 4.04 0.24567 
743E-9 4.04 0.24333 
744E-9 4.04 0.241 
745E-9 4.0333 0.2365 
746E-9 4.0267 0.232 
747E-9 4.02 0.2285 
748E-9 4.01 0.225 
749E-9 4 0.2215 
750E-9 4 0.218 
751E-9 4 0.21667 
752E-9 4 0.21533 
753E-9 4 0.214 
754E-9 4 0.2115 
755E-9 4 0.209 
756E-9 4 0.206 
757E-9 4 0.203 
758E-9 4 0.2 
759E-9 4 0.197 
760E-9 4 0.195 
761E-9 4 0.193 
762E-9 4 0.191 
763E-9 3.9967 0.1875 
764E-9 3.9933 0.184 
765E-9 3.99 0.1805 
766E-9 3.98 0.177 
767E-9 3.97 0.175 
768E-9 3.97 0.173 
769E-9 3.97 0.171 
770E-9 3.97 0.1695 
771E-9 3.97 0.168 
772E-9 3.97 0.1655 
773E-9 3.97 0.163 
774E-9 3.97 0.1605 
775E-9 3.965 0.158 
776E-9 3.96 0.156 
777E-9 3.945 0.154 
778E-9 3.93 0.152 
779E-9 3.93 0.1495 
780E-9 3.93 0.147 
781E-9 3.93 0.143 
782E-9 3.93 0.139 
783E-9 3.93 0.137 
784E-9 3.93 0.135 
785E-9 3.93 0.13367 
786E-9 3.93 0.13233 
787E-9 3.93 0.131 
788E-9 3.92 0.129 
789E-9 3.91 0.127 
790E-9 3.9 0.124 
791E-9 3.895 0.121 
792E-9 3.89 0.1185 
793E-9 3.89 0.116 
794E-9 3.89 0.11433 
795E-9 3.875 0.11267 
796E-9 3.86 0.111 
797E-9 3.86 0.108 
798E-9 3.86 0.105 
799E-9 3.86 0.1035 
800E-9 3.86 0.102 
