lambda n k
300E-9 1.76705 0.13542 
301E-9 1.76739 0.13492 
302E-9 1.76771 0.13441 
303E-9 1.76803 0.1339 
304E-9 1.76834 0.13339 
305E-9 1.76865 0.13288 
306E-9 1.76896 0.13237 
307E-9 1.76926 0.13187 
308E-9 1.76957 0.13138 
309E-9 1.76988 0.13089 
310E-9 1.7702 0.13043 
311E-9 1.77052 0.12997 
312E-9 1.77085 0.12953 
313E-9 1.7712 0.12911 
314E-9 1.77155 0.12871 
315E-9 1.77193 0.12834 
316E-9 1.77232 0.12799 
317E-9 1.77272 0.12766 
318E-9 1.77316 0.12736 
319E-9 1.77363 0.12708 
320E-9 1.77412 0.12681 
321E-9 1.77466 0.12657 
322E-9 1.77523 0.12634 
323E-9 1.77585 0.12611 
324E-9 1.77652 0.1259 
325E-9 1.77722 0.12569 
326E-9 1.77802 0.12548 
327E-9 1.77888 0.12524 
328E-9 1.77981 0.12499 
329E-9 1.78087 0.12469 
330E-9 1.78199 0.12435 
331E-9 1.78324 0.12395 
332E-9 1.78462 0.12348 
333E-9 1.78609 0.12296 
334E-9 1.78773 0.12232 
335E-9 1.78947 0.12156 
336E-9 1.79129 0.12071 
337E-9 1.79325 0.11959 
338E-9 1.79525 0.11833 
339E-9 1.79734 0.11684 
340E-9 1.79949 0.11505 
341E-9 1.80167 0.11308 
342E-9 1.80391 0.11071 
343E-9 1.80616 0.10807 
344E-9 1.80841 0.10521 
345E-9 1.81053 0.10194 
346E-9 1.81256 0.09853 
347E-9 1.81441 0.09488 
348E-9 1.81596 0.09101 
349E-9 1.81733 0.08702 
350E-9 1.81827 0.08283 
351E-9 1.81885 0.07853 
352E-9 1.81916 0.07414 
353E-9 1.81878 0.06961 
354E-9 1.81812 0.06506 
355E-9 1.81707 0.06048 
356E-9 1.81556 0.05594 
357E-9 1.81383 0.05144 
358E-9 1.81171 0.04706 
359E-9 1.80932 0.04282 
360E-9 1.80675 0.03868 
361E-9 1.80383 0.03487 
362E-9 1.80077 0.03123 
363E-9 1.79754 0.02783 
364E-9 1.79412 0.0248 
365E-9 1.79062 0.02195 
366E-9 1.78701 0.01941 
367E-9 1.78337 0.01712 
368E-9 1.77971 0.01499 
369E-9 1.77609 0.01319 
370E-9 1.77251 0.01154 
371E-9 1.769 0.01007 
372E-9 1.76566 0.00885 
373E-9 1.76242 0.00774 
374E-9 1.75938 0.00683 
375E-9 1.75653 0.00608 
376E-9 1.75381 0.00542 
377E-9 1.75133 0.00494 
378E-9 1.74895 0.00454 
379E-9 1.7467 0.00421 
380E-9 1.74461 0.00397 
381E-9 1.7426 0.00377 
382E-9 1.74069 0.00361 
383E-9 1.73888 0.00348 
384E-9 1.7371 0.00336 
385E-9 1.73542 0.00323 
386E-9 1.73377 0.00308 
387E-9 1.73215 0.00291 
388E-9 1.73058 0.00272 
389E-9 1.72904 0.00252 
390E-9 1.72753 0.00231 
391E-9 1.72606 0.00209 
392E-9 1.72461 0.00186 
393E-9 1.72319 0.00164 
394E-9 1.7218 0.00142 
395E-9 1.72043 0.00121 
396E-9 1.71908 0.00102 
397E-9 1.71775 8.35928E-4 
398E-9 1.71645 6.73459E-4 
399E-9 1.71516 5.36428E-4 
400E-9 1.71388 4.12849E-4 
401E-9 1.71263 3.16244E-4 
402E-9 1.7114 2.34818E-4 
403E-9 1.71019 1.65189E-4 
404E-9 1.70901 1.17431E-4 
405E-9 1.70785 7.67252E-5 
406E-9 1.70671 4.66151E-5 
407E-9 1.70561 2.72733E-5 
408E-9 1.70453 1.27153E-5 
409E-9 1.70349 5.81502E-6 
410E-9 1.70247 1.88585E-6 
411E-9 1.70148 3.96325E-9 
412E-9 1.70053 0 
413E-9 1.69961 0 
414E-9 1.69872 0 
415E-9 1.69787 0 
416E-9 1.69703 0 
417E-9 1.69622 0 
418E-9 1.69544 0 
419E-9 1.69467 0 
420E-9 1.69393 0 
421E-9 1.6932 0 
422E-9 1.69249 0 
423E-9 1.6918 0 
424E-9 1.69112 0 
425E-9 1.69045 0 
426E-9 1.68979 0 
427E-9 1.68913 0 
428E-9 1.68849 0 
429E-9 1.68786 0 
430E-9 1.68723 0 
431E-9 1.68662 0 
432E-9 1.68601 0 
433E-9 1.68541 0 
434E-9 1.68483 0 
435E-9 1.68425 0 
436E-9 1.68369 0 
437E-9 1.68313 0 
438E-9 1.68259 0 
439E-9 1.68206 0 
440E-9 1.68154 0 
441E-9 1.68103 0 
442E-9 1.68053 0 
443E-9 1.68005 0 
444E-9 1.67957 0 
445E-9 1.67911 0 
446E-9 1.67866 0 
447E-9 1.67822 0 
448E-9 1.67779 0 
449E-9 1.67736 0 
450E-9 1.67695 0 
451E-9 1.67654 0 
452E-9 1.67614 0 
453E-9 1.67575 0 
454E-9 1.67537 0 
455E-9 1.67499 0 
456E-9 1.67462 0 
457E-9 1.67426 0 
458E-9 1.6739 0 
459E-9 1.67355 0 
460E-9 1.6732 0 
461E-9 1.67285 0 
462E-9 1.67251 0 
463E-9 1.67218 0 
464E-9 1.67184 0 
465E-9 1.67151 0 
466E-9 1.67119 0 
467E-9 1.67086 0 
468E-9 1.67054 0 
469E-9 1.67021 0 
470E-9 1.66989 0 
471E-9 1.66957 0 
472E-9 1.66925 0 
473E-9 1.66893 0 
474E-9 1.66861 0 
475E-9 1.66828 0 
476E-9 1.66796 0 
477E-9 1.66764 0 
478E-9 1.66731 0 
479E-9 1.66699 0 
480E-9 1.66666 0 
481E-9 1.66634 0 
482E-9 1.66602 0 
483E-9 1.6657 0 
484E-9 1.66539 0 
485E-9 1.66508 0 
486E-9 1.66477 0 
487E-9 1.66447 0 
488E-9 1.66418 0 
489E-9 1.66389 0 
490E-9 1.66362 0 
491E-9 1.66334 0 
492E-9 1.66308 0 
493E-9 1.66283 0 
494E-9 1.66258 0 
495E-9 1.66235 0 
496E-9 1.66213 0 
497E-9 1.66191 0 
498E-9 1.66171 0 
499E-9 1.66152 0 
500E-9 1.66133 0 
501E-9 1.66115 0 
502E-9 1.66097 0 
503E-9 1.66079 0 
504E-9 1.66062 0 
505E-9 1.66045 0 
506E-9 1.66028 0 
507E-9 1.66011 0 
508E-9 1.65994 0 
509E-9 1.65976 0 
510E-9 1.65958 0 
511E-9 1.65939 0 
512E-9 1.6592 0 
513E-9 1.65901 0 
514E-9 1.6588 0 
515E-9 1.65859 0 
516E-9 1.65837 0 
517E-9 1.65814 0 
518E-9 1.6579 0 
519E-9 1.65765 0 
520E-9 1.65739 0 
521E-9 1.65712 0 
522E-9 1.65685 0 
523E-9 1.65657 0 
524E-9 1.65628 0 
525E-9 1.65599 0 
526E-9 1.65569 0 
527E-9 1.6554 0 
528E-9 1.65509 0 
529E-9 1.65479 0 
530E-9 1.65448 0 
531E-9 1.65417 0 
532E-9 1.65387 0 
533E-9 1.65356 0 
534E-9 1.65325 0 
535E-9 1.65294 0 
536E-9 1.65264 0 
537E-9 1.65234 0 
538E-9 1.65204 0 
539E-9 1.65174 0 
540E-9 1.65145 0 
541E-9 1.65116 0 
542E-9 1.65088 0 
543E-9 1.6506 0 
544E-9 1.65032 0 
545E-9 1.65005 0 
546E-9 1.64978 0 
547E-9 1.64952 0 
548E-9 1.64925 0 
549E-9 1.649 0 
550E-9 1.64874 0 
551E-9 1.64849 0 
552E-9 1.64824 0 
553E-9 1.64799 0 
554E-9 1.64775 0 
555E-9 1.64751 0 
556E-9 1.64727 0 
557E-9 1.64704 0 
558E-9 1.6468 0 
559E-9 1.64657 0 
560E-9 1.64635 0 
561E-9 1.64612 0 
562E-9 1.6459 0 
563E-9 1.64568 0 
564E-9 1.64546 0 
565E-9 1.64524 0 
566E-9 1.64502 0 
567E-9 1.64481 0 
568E-9 1.6446 0 
569E-9 1.64439 0 
570E-9 1.64418 0 
571E-9 1.64398 0 
572E-9 1.64377 0 
573E-9 1.64357 0 
574E-9 1.64337 0 
575E-9 1.64318 0 
576E-9 1.64298 0 
577E-9 1.64279 0 
578E-9 1.6426 0 
579E-9 1.64241 0 
580E-9 1.64222 0 
581E-9 1.64203 0 
582E-9 1.64185 0 
583E-9 1.64167 0 
584E-9 1.64149 0 
585E-9 1.64131 0 
586E-9 1.64114 0 
587E-9 1.64096 0 
588E-9 1.64079 0 
589E-9 1.64062 0 
590E-9 1.64046 0 
591E-9 1.64029 0 
592E-9 1.64013 0 
593E-9 1.63997 0 
594E-9 1.63981 0 
595E-9 1.63965 0 
596E-9 1.63949 0 
597E-9 1.63934 0 
598E-9 1.63919 0 
599E-9 1.63904 0 
600E-9 1.63889 0 
601E-9 1.63874 0 
602E-9 1.6386 0 
603E-9 1.63845 0 
604E-9 1.63831 0 
605E-9 1.63817 0 
606E-9 1.63802 0 
607E-9 1.63788 0 
608E-9 1.63775 0 
609E-9 1.63761 0 
610E-9 1.63747 0 
611E-9 1.63733 0 
612E-9 1.6372 0 
613E-9 1.63706 0 
614E-9 1.63693 0 
615E-9 1.63679 0 
616E-9 1.63666 0 
617E-9 1.63652 0 
618E-9 1.63639 0 
619E-9 1.63626 0 
620E-9 1.63612 0 
621E-9 1.63599 0 
622E-9 1.63586 0 
623E-9 1.63573 0 
624E-9 1.6356 0 
625E-9 1.63546 0 
626E-9 1.63533 0 
627E-9 1.6352 0 
628E-9 1.63507 0 
629E-9 1.63494 0 
630E-9 1.63481 0 
631E-9 1.63468 0 
632E-9 1.63455 0 
633E-9 1.63442 0 
634E-9 1.63429 0 
635E-9 1.63417 0 
636E-9 1.63404 0 
637E-9 1.63392 0 
638E-9 1.63379 0 
639E-9 1.63367 0 
640E-9 1.63355 0 
641E-9 1.63343 0 
642E-9 1.63331 0 
643E-9 1.63319 0 
644E-9 1.63307 0 
645E-9 1.63295 0 
646E-9 1.63284 0 
647E-9 1.63273 0 
648E-9 1.63262 0 
649E-9 1.63251 0 
650E-9 1.6324 0 
651E-9 1.63229 0 
652E-9 1.63218 0 
653E-9 1.63208 0 
654E-9 1.63198 0 
655E-9 1.63188 0 
656E-9 1.63178 0 
657E-9 1.63168 0 
658E-9 1.63159 0 
659E-9 1.63149 0 
660E-9 1.6314 0 
661E-9 1.63131 0 
662E-9 1.63122 0 
663E-9 1.63114 0 
664E-9 1.63105 0 
665E-9 1.63097 0 
666E-9 1.63089 0 
667E-9 1.63081 0 
668E-9 1.63073 0 
669E-9 1.63065 0 
670E-9 1.63058 0 
671E-9 1.6305 0 
672E-9 1.63043 0 
673E-9 1.63036 0 
674E-9 1.63029 0 
675E-9 1.63022 0 
676E-9 1.63016 0 
677E-9 1.63009 0 
678E-9 1.63003 0 
679E-9 1.62996 0 
680E-9 1.6299 0 
681E-9 1.62984 0 
682E-9 1.62978 0 
683E-9 1.62973 0 
684E-9 1.62967 0 
685E-9 1.62961 0 
686E-9 1.62956 0 
687E-9 1.62951 0 
688E-9 1.62945 0 
689E-9 1.6294 0 
690E-9 1.62935 0 
691E-9 1.6293 0 
692E-9 1.62926 0 
693E-9 1.62921 0 
694E-9 1.62916 0 
695E-9 1.62912 0 
696E-9 1.62908 0 
697E-9 1.62903 0 
698E-9 1.62899 0 
699E-9 1.62895 0 
700E-9 1.62891 0 
701E-9 1.62887 0 
702E-9 1.62883 0 
703E-9 1.62879 0 
704E-9 1.62875 0 
705E-9 1.62871 0 
706E-9 1.62867 0 
707E-9 1.62863 0 
708E-9 1.62859 0 
709E-9 1.62855 0 
710E-9 1.62851 0 
711E-9 1.62847 0 
712E-9 1.62843 0 
713E-9 1.62839 0 
714E-9 1.62835 0 
715E-9 1.62831 0 
716E-9 1.62826 0 
717E-9 1.62822 0 
718E-9 1.62818 0 
719E-9 1.62813 0 
720E-9 1.62808 0 
721E-9 1.62804 0 
722E-9 1.62799 0 
723E-9 1.62794 0 
724E-9 1.62789 0 
725E-9 1.62784 0 
726E-9 1.62779 0 
727E-9 1.62773 0 
728E-9 1.62768 0 
729E-9 1.62762 0 
730E-9 1.62756 0 
731E-9 1.6275 0 
732E-9 1.62744 0 
733E-9 1.62738 0 
734E-9 1.62732 0 
735E-9 1.62725 0 
736E-9 1.62718 0 
737E-9 1.62711 0 
738E-9 1.62704 0 
739E-9 1.62697 0 
740E-9 1.62689 0 
741E-9 1.62682 0 
742E-9 1.62674 0 
743E-9 1.62666 0 
744E-9 1.62658 0 
745E-9 1.6265 0 
746E-9 1.62642 0 
747E-9 1.62634 0 
748E-9 1.62626 0 
749E-9 1.62617 0 
750E-9 1.62609 0 
751E-9 1.626 0 
752E-9 1.62592 0 
753E-9 1.62583 0 
754E-9 1.62574 0 
755E-9 1.62566 0 
756E-9 1.62557 0 
757E-9 1.62548 0 
758E-9 1.6254 0 
759E-9 1.62531 0 
760E-9 1.62522 0 
761E-9 1.62513 0 
762E-9 1.62505 0 
763E-9 1.62496 0 
764E-9 1.62487 0 
765E-9 1.62479 0 
766E-9 1.6247 0 
767E-9 1.62462 0 
768E-9 1.62453 0 
769E-9 1.62445 0 
770E-9 1.62437 0 
771E-9 1.62428 0 
772E-9 1.6242 0 
773E-9 1.62412 0 
774E-9 1.62404 0 
775E-9 1.62396 0 
776E-9 1.62388 0 
777E-9 1.62381 0 
778E-9 1.62373 0 
779E-9 1.62366 0 
780E-9 1.62358 0 
781E-9 1.62351 0 
782E-9 1.62344 0 
783E-9 1.62337 0 
784E-9 1.6233 0 
785E-9 1.62324 0 
786E-9 1.62317 0 
787E-9 1.62311 0 
788E-9 1.62304 0 
789E-9 1.62298 0 
790E-9 1.62292 0 
791E-9 1.62286 0 
792E-9 1.6228 0 
793E-9 1.62275 0 
794E-9 1.62269 0 
795E-9 1.62263 0 
796E-9 1.62258 0 
797E-9 1.62252 0 
798E-9 1.62247 0 
799E-9 1.62242 0 
800E-9 1.62237 0 
