lambda n k
300E-9 1.88212 1.60599 
301E-9 1.88212 1.60599 
302E-9 1.88271 1.59468 
303E-9 1.88329 1.58336 
304E-9 1.88388 1.57205 
305E-9 1.88447 1.562 
306E-9 1.88506 1.55357 
307E-9 1.88565 1.54635 
308E-9 1.88624 1.54574 
309E-9 1.88682 1.54514 
310E-9 1.88741 1.54453 
311E-9 1.888 1.54393 
312E-9 1.88859 1.54332 
313E-9 1.88918 1.54272 
314E-9 1.88977 1.54211 
315E-9 1.89036 1.54151 
316E-9 1.89491 1.5409 
317E-9 1.90042 1.5403 
318E-9 1.90593 1.53969 
319E-9 1.91191 1.53877 
320E-9 1.92227 1.53603 
321E-9 1.93263 1.53329 
322E-9 1.94299 1.53055 
323E-9 1.95335 1.52781 
324E-9 1.95975 1.52507 
325E-9 1.96434 1.51954 
326E-9 1.96892 1.51362 
327E-9 1.97351 1.5077 
328E-9 1.97757 1.50178 
329E-9 1.97987 1.49586 
330E-9 1.98217 1.48995 
331E-9 1.98447 1.48403 
332E-9 1.98677 1.47811 
333E-9 1.98906 1.47027 
334E-9 1.98779 1.46081 
335E-9 1.98653 1.45134 
336E-9 1.98527 1.44188 
337E-9 1.98401 1.43241 
338E-9 1.98275 1.42206 
339E-9 1.98149 1.41167 
340E-9 1.98022 1.40128 
341E-9 1.97896 1.39151 
342E-9 1.9777 1.38559 
343E-9 1.97644 1.37967 
344E-9 1.97439 1.37375 
345E-9 1.97152 1.36783 
346E-9 1.96864 1.36191 
347E-9 1.96576 1.35599 
348E-9 1.963 1.35007 
349E-9 1.96028 1.34415 
350E-9 1.95756 1.34127 
351E-9 1.95484 1.33914 
352E-9 1.95212 1.337 
353E-9 1.9494 1.33487 
354E-9 1.94669 1.33273 
355E-9 1.9439 1.3306 
356E-9 1.94084 1.32846 
357E-9 1.93778 1.32633 
358E-9 1.93472 1.32419 
359E-9 1.93165 1.32206 
360E-9 1.92859 1.31992 
361E-9 1.92553 1.31779 
362E-9 1.92247 1.31565 
363E-9 1.9194 1.31352 
364E-9 1.91645 1.31138 
365E-9 1.91417 1.30925 
366E-9 1.9119 1.30838 
367E-9 1.90962 1.30751 
368E-9 1.90734 1.30664 
369E-9 1.90506 1.30577 
370E-9 1.90278 1.3049 
371E-9 1.90051 1.30404 
372E-9 1.89823 1.30317 
373E-9 1.89595 1.3023 
374E-9 1.89367 1.30143 
375E-9 1.89139 1.30056 
376E-9 1.88912 1.29969 
377E-9 1.88684 1.29882 
378E-9 1.88456 1.29795 
379E-9 1.88228 1.29709 
380E-9 1.88 1.29622 
381E-9 1.87773 1.29535 
382E-9 1.87545 1.29448 
383E-9 1.87317 1.29361 
384E-9 1.87111 1.29274 
385E-9 1.8692 1.29187 
386E-9 1.8673 1.291 
387E-9 1.8654 1.29014 
388E-9 1.8635 1.28927 
389E-9 1.8616 1.2884 
390E-9 1.85969 1.28753 
391E-9 1.85779 1.28666 
392E-9 1.85589 1.28579 
393E-9 1.85399 1.28492 
394E-9 1.85209 1.28405 
395E-9 1.85018 1.28318 
396E-9 1.84857 1.28232 
397E-9 1.8472 1.28145 
398E-9 1.84583 1.28058 
399E-9 1.84447 1.27971 
400E-9 1.8431 1.27884 
401E-9 1.84173 1.27797 
402E-9 1.84036 1.2771 
403E-9 1.839 1.27653 
404E-9 1.83763 1.2763 
405E-9 1.83626 1.27607 
406E-9 1.83489 1.27583 
407E-9 1.83353 1.2756 
408E-9 1.83216 1.27537 
409E-9 1.83079 1.27514 
410E-9 1.82942 1.2749 
411E-9 1.82806 1.27467 
412E-9 1.82669 1.27444 
413E-9 1.82532 1.2742 
414E-9 1.82396 1.27397 
415E-9 1.82259 1.27374 
416E-9 1.82129 1.27351 
417E-9 1.82019 1.27327 
418E-9 1.81909 1.27304 
419E-9 1.81799 1.27281 
420E-9 1.81689 1.27258 
421E-9 1.81579 1.27234 
422E-9 1.81469 1.27211 
423E-9 1.81359 1.27188 
424E-9 1.81249 1.27164 
425E-9 1.81139 1.27141 
426E-9 1.81029 1.27118 
427E-9 1.80919 1.27095 
428E-9 1.80809 1.27071 
429E-9 1.80699 1.27048 
430E-9 1.80589 1.27025 
431E-9 1.80501 1.27002 
432E-9 1.80412 1.26978 
433E-9 1.80324 1.26955 
434E-9 1.80236 1.26932 
435E-9 1.80148 1.26909 
436E-9 1.8006 1.26885 
437E-9 1.79971 1.26862 
438E-9 1.79883 1.26839 
439E-9 1.79795 1.26815 
440E-9 1.79707 1.26792 
441E-9 1.79618 1.26769 
442E-9 1.7953 1.26746 
443E-9 1.79442 1.26722 
444E-9 1.79354 1.26699 
445E-9 1.79266 1.26681 
446E-9 1.79177 1.26669 
447E-9 1.79089 1.26656 
448E-9 1.79001 1.26644 
449E-9 1.78913 1.26631 
450E-9 1.78825 1.26619 
451E-9 1.78736 1.26606 
452E-9 1.78648 1.26594 
453E-9 1.7856 1.26581 
454E-9 1.78484 1.26569 
455E-9 1.78414 1.26556 
456E-9 1.78343 1.26544 
457E-9 1.78273 1.26531 
458E-9 1.78202 1.26519 
459E-9 1.78132 1.26506 
460E-9 1.78061 1.26494 
461E-9 1.77991 1.26481 
462E-9 1.77921 1.26469 
463E-9 1.7785 1.26456 
464E-9 1.7778 1.26444 
465E-9 1.77709 1.26431 
466E-9 1.77643 1.26419 
467E-9 1.77578 1.26406 
468E-9 1.77514 1.26394 
469E-9 1.77449 1.26381 
470E-9 1.77385 1.26369 
471E-9 1.7732 1.26356 
472E-9 1.77256 1.26344 
473E-9 1.77191 1.26331 
474E-9 1.77127 1.26319 
475E-9 1.77062 1.26306 
476E-9 1.76998 1.26294 
477E-9 1.76933 1.26281 
478E-9 1.76869 1.26269 
479E-9 1.76804 1.26256 
480E-9 1.7674 1.26244 
481E-9 1.76675 1.26231 
482E-9 1.76611 1.26219 
483E-9 1.76546 1.26206 
484E-9 1.76482 1.26194 
485E-9 1.76417 1.26181 
486E-9 1.76353 1.26169 
487E-9 1.76288 1.26156 
488E-9 1.76224 1.26144 
489E-9 1.76159 1.26131 
490E-9 1.76095 1.26119 
491E-9 1.7603 1.26106 
492E-9 1.75976 1.26094 
493E-9 1.75933 1.26081 
494E-9 1.75891 1.26069 
495E-9 1.75849 1.26062 
496E-9 1.75807 1.26055 
497E-9 1.75765 1.26048 
498E-9 1.75723 1.26041 
499E-9 1.7568 1.26034 
500E-9 1.75638 1.26027 
501E-9 1.75596 1.2602 
502E-9 1.75554 1.26013 
503E-9 1.75512 1.26006 
504E-9 1.7547 1.25999 
505E-9 1.75427 1.25992 
506E-9 1.75385 1.25985 
507E-9 1.75343 1.25978 
508E-9 1.75301 1.25971 
509E-9 1.75259 1.25964 
510E-9 1.75217 1.25956 
511E-9 1.75174 1.25949 
512E-9 1.75132 1.25942 
513E-9 1.7509 1.25935 
514E-9 1.75048 1.25928 
515E-9 1.75006 1.25921 
516E-9 1.74963 1.25914 
517E-9 1.74921 1.25907 
518E-9 1.74879 1.259 
519E-9 1.74837 1.25893 
520E-9 1.74795 1.25886 
521E-9 1.74753 1.25879 
522E-9 1.7471 1.25872 
523E-9 1.74668 1.25865 
524E-9 1.74626 1.25858 
525E-9 1.74584 1.25851 
526E-9 1.74542 1.25844 
527E-9 1.74506 1.25837 
528E-9 1.74471 1.2583 
529E-9 1.74436 1.25823 
530E-9 1.744 1.25816 
531E-9 1.74365 1.25809 
532E-9 1.7433 1.25802 
533E-9 1.74295 1.25795 
534E-9 1.7426 1.25788 
535E-9 1.74224 1.25781 
536E-9 1.74189 1.25774 
537E-9 1.74154 1.25767 
538E-9 1.74119 1.2576 
539E-9 1.74083 1.25753 
540E-9 1.74048 1.25746 
541E-9 1.74013 1.25738 
542E-9 1.73978 1.25731 
543E-9 1.73943 1.25724 
544E-9 1.73907 1.25717 
545E-9 1.73872 1.2571 
546E-9 1.73837 1.25703 
547E-9 1.73802 1.25696 
548E-9 1.73766 1.25689 
549E-9 1.73731 1.25682 
550E-9 1.73696 1.25675 
551E-9 1.73661 1.25668 
552E-9 1.73626 1.25661 
553E-9 1.7359 1.25654 
554E-9 1.73555 1.25647 
555E-9 1.7352 1.2564 
556E-9 1.73485 1.25633 
557E-9 1.7345 1.25626 
558E-9 1.73414 1.25619 
559E-9 1.73379 1.25612 
560E-9 1.73344 1.25605 
561E-9 1.73311 1.25598 
562E-9 1.73283 1.25591 
563E-9 1.73254 1.25584 
564E-9 1.73225 1.25577 
565E-9 1.73196 1.2557 
566E-9 1.73167 1.25563 
567E-9 1.73138 1.25561 
568E-9 1.73109 1.25559 
569E-9 1.73081 1.25557 
570E-9 1.73052 1.25554 
571E-9 1.73023 1.25552 
572E-9 1.72994 1.2555 
573E-9 1.72965 1.25548 
574E-9 1.72936 1.25546 
575E-9 1.72907 1.25544 
576E-9 1.72878 1.25542 
577E-9 1.7285 1.25539 
578E-9 1.72821 1.25537 
579E-9 1.72792 1.25535 
580E-9 1.72763 1.25533 
581E-9 1.72734 1.25531 
582E-9 1.72705 1.25529 
583E-9 1.72676 1.25527 
584E-9 1.72648 1.25524 
585E-9 1.72619 1.25522 
586E-9 1.7259 1.2552 
587E-9 1.72561 1.25518 
588E-9 1.72532 1.25516 
589E-9 1.72503 1.25514 
590E-9 1.72474 1.25512 
591E-9 1.72445 1.2551 
592E-9 1.72417 1.25507 
593E-9 1.72388 1.25505 
594E-9 1.72359 1.25503 
595E-9 1.72335 1.25501 
596E-9 1.72312 1.25499 
597E-9 1.7229 1.25497 
598E-9 1.72268 1.25495 
599E-9 1.72246 1.25492 
600E-9 1.72224 1.2549 
601E-9 1.72201 1.25488 
602E-9 1.72179 1.25486 
603E-9 1.72157 1.25484 
604E-9 1.72135 1.25482 
605E-9 1.72112 1.2548 
606E-9 1.7209 1.25478 
607E-9 1.72068 1.25475 
608E-9 1.72046 1.25473 
609E-9 1.72024 1.25471 
610E-9 1.72001 1.25469 
611E-9 1.71979 1.25467 
612E-9 1.71957 1.25465 
613E-9 1.71935 1.25463 
614E-9 1.71912 1.2546 
615E-9 1.7189 1.25458 
616E-9 1.71868 1.25456 
617E-9 1.71846 1.25454 
618E-9 1.71824 1.25452 
619E-9 1.71801 1.2545 
620E-9 1.71779 1.25448 
621E-9 1.71757 1.25445 
622E-9 1.71735 1.25443 
623E-9 1.71713 1.25441 
624E-9 1.7169 1.25439 
625E-9 1.71668 1.25437 
626E-9 1.71646 1.25435 
627E-9 1.71624 1.25433 
628E-9 1.71602 1.25431 
629E-9 1.71582 1.25428 
630E-9 1.71561 1.25426 
631E-9 1.7154 1.25424 
632E-9 1.71519 1.25422 
633E-9 1.71498 1.2542 
634E-9 1.71477 1.2542 
635E-9 1.71457 1.25422 
636E-9 1.71436 1.25423 
637E-9 1.71415 1.25425 
638E-9 1.71394 1.25427 
639E-9 1.71373 1.25428 
640E-9 1.71352 1.2543 
641E-9 1.71332 1.25432 
642E-9 1.71311 1.25433 
643E-9 1.7129 1.25435 
644E-9 1.71269 1.25437 
645E-9 1.71248 1.25438 
646E-9 1.71227 1.2544 
647E-9 1.71207 1.25442 
648E-9 1.71186 1.25443 
649E-9 1.71165 1.25445 
650E-9 1.71144 1.25447 
651E-9 1.71123 1.25448 
652E-9 1.71102 1.2545 
653E-9 1.71082 1.25452 
654E-9 1.71061 1.25453 
655E-9 1.7104 1.25455 
656E-9 1.71019 1.25457 
657E-9 1.70998 1.25458 
658E-9 1.70978 1.2546 
659E-9 1.70957 1.25462 
660E-9 1.70936 1.25463 
661E-9 1.70915 1.25465 
662E-9 1.70894 1.25467 
663E-9 1.70876 1.25468 
664E-9 1.70861 1.2547 
665E-9 1.70845 1.25472 
666E-9 1.7083 1.25473 
667E-9 1.70815 1.25475 
668E-9 1.708 1.25477 
669E-9 1.70784 1.25478 
670E-9 1.70769 1.2548 
671E-9 1.70754 1.25482 
672E-9 1.70739 1.25483 
673E-9 1.70723 1.25485 
674E-9 1.70708 1.25487 
675E-9 1.70693 1.25488 
676E-9 1.70678 1.2549 
677E-9 1.70662 1.25492 
678E-9 1.70647 1.25493 
679E-9 1.70632 1.25495 
680E-9 1.70616 1.25497 
681E-9 1.70601 1.25498 
682E-9 1.70586 1.255 
683E-9 1.70571 1.25502 
684E-9 1.70555 1.25503 
685E-9 1.7054 1.25505 
686E-9 1.70525 1.25507 
687E-9 1.7051 1.25508 
688E-9 1.70494 1.2551 
689E-9 1.70479 1.25512 
690E-9 1.70464 1.25513 
691E-9 1.70449 1.25515 
692E-9 1.70433 1.25517 
693E-9 1.70418 1.25518 
694E-9 1.70403 1.25518 
695E-9 1.70389 1.25516 
696E-9 1.70378 1.25514 
697E-9 1.70367 1.25512 
698E-9 1.70356 1.2551 
699E-9 1.70345 1.25508 
700E-9 1.70334 1.25506 
701E-9 1.70324 1.25504 
702E-9 1.70313 1.25502 
703E-9 1.70302 1.255 
704E-9 1.70291 1.25498 
705E-9 1.7028 1.25496 
706E-9 1.7027 1.25494 
707E-9 1.70259 1.25492 
708E-9 1.70248 1.2549 
709E-9 1.70237 1.25488 
710E-9 1.70226 1.25486 
711E-9 1.70215 1.25484 
712E-9 1.70205 1.25482 
713E-9 1.70194 1.2548 
714E-9 1.70183 1.25478 
715E-9 1.70172 1.25476 
716E-9 1.70161 1.25474 
717E-9 1.70151 1.25472 
718E-9 1.7014 1.2547 
719E-9 1.70129 1.25468 
720E-9 1.70118 1.25466 
721E-9 1.70107 1.25464 
722E-9 1.70096 1.25462 
723E-9 1.70086 1.2546 
724E-9 1.70075 1.25458 
725E-9 1.70064 1.25456 
726E-9 1.70053 1.25454 
727E-9 1.70042 1.25452 
728E-9 1.70032 1.2545 
729E-9 1.70021 1.25448 
730E-9 1.70008 1.25446 
731E-9 1.69994 1.25444 
732E-9 1.6998 1.25442 
733E-9 1.69967 1.2544 
734E-9 1.69953 1.25438 
735E-9 1.69939 1.25436 
736E-9 1.69925 1.25434 
737E-9 1.69912 1.25432 
738E-9 1.69898 1.2543 
739E-9 1.69884 1.25428 
740E-9 1.6987 1.25426 
741E-9 1.69857 1.25424 
742E-9 1.69843 1.25422 
743E-9 1.69829 1.2542 
744E-9 1.69816 1.25418 
745E-9 1.69802 1.25416 
746E-9 1.69788 1.25414 
747E-9 1.69774 1.25412 
748E-9 1.69761 1.2541 
749E-9 1.69747 1.25408 
750E-9 1.69733 1.25406 
751E-9 1.69719 1.25404 
752E-9 1.69706 1.25402 
753E-9 1.69692 1.254 
754E-9 1.69678 1.25398 
755E-9 1.69665 1.25396 
756E-9 1.69651 1.25394 
757E-9 1.69637 1.25393 
758E-9 1.69623 1.25391 
759E-9 1.6961 1.25389 
760E-9 1.69596 1.25387 
761E-9 1.69582 1.25385 
762E-9 1.69568 1.25383 
763E-9 1.69555 1.25381 
764E-9 1.69541 1.25379 
765E-9 1.69527 1.25377 
766E-9 1.69518 1.25375 
767E-9 1.6951 1.25372 
768E-9 1.69502 1.2537 
769E-9 1.69494 1.25367 
770E-9 1.69486 1.25364 
771E-9 1.69478 1.25361 
772E-9 1.6947 1.25358 
773E-9 1.69462 1.25355 
774E-9 1.69454 1.25352 
775E-9 1.69446 1.25349 
776E-9 1.69438 1.25347 
777E-9 1.6943 1.25344 
778E-9 1.69422 1.25341 
779E-9 1.69414 1.25338 
780E-9 1.69406 1.25335 
781E-9 1.69398 1.25332 
782E-9 1.6939 1.25329 
783E-9 1.69382 1.25326 
784E-9 1.69374 1.25324 
785E-9 1.69366 1.25321 
786E-9 1.69358 1.25318 
787E-9 1.69351 1.25315 
788E-9 1.69343 1.25312 
789E-9 1.69335 1.25309 
790E-9 1.69327 1.25306 
791E-9 1.69319 1.25303 
792E-9 1.69311 1.253 
793E-9 1.69303 1.25298 
794E-9 1.69295 1.25295 
795E-9 1.69287 1.25292 
796E-9 1.69279 1.25289 
797E-9 1.6927 1.25286 
798E-9 1.6926 1.25283 
799E-9 1.69249 1.2528 
800E-9 1.69239 1.25277 
