lambda n k
300E-9 2.18492 0.03102 
301E-9 2.1817 0.03068 
302E-9 2.17853 0.03035 
303E-9 2.17539 0.03002 
304E-9 2.17228 0.0297 
305E-9 2.16923 0.02938 
306E-9 2.16619 0.02907 
307E-9 2.1632 0.02877 
308E-9 2.16024 0.02847 
309E-9 2.15731 0.02817 
310E-9 2.15443 0.02788 
311E-9 2.15157 0.02759 
312E-9 2.14874 0.02731 
313E-9 2.14595 0.02704 
314E-9 2.14318 0.02676 
315E-9 2.14045 0.0265 
316E-9 2.13775 0.02623 
317E-9 2.13507 0.02597 
318E-9 2.13244 0.02572 
319E-9 2.12983 0.02547 
320E-9 2.12724 0.02522 
321E-9 2.12469 0.02498 
322E-9 2.12216 0.02474 
323E-9 2.11967 0.02451 
324E-9 2.1172 0.02427 
325E-9 2.11474 0.02405 
326E-9 2.11233 0.02382 
327E-9 2.10994 0.0236 
328E-9 2.10757 0.02338 
329E-9 2.10523 0.02317 
330E-9 2.10291 0.02296 
331E-9 2.10062 0.02275 
332E-9 2.09836 0.02254 
333E-9 2.09611 0.02234 
334E-9 2.09389 0.02214 
335E-9 2.09169 0.02195 
336E-9 2.08951 0.02175 
337E-9 2.08737 0.02157 
338E-9 2.08523 0.02138 
339E-9 2.08313 0.02119 
340E-9 2.08104 0.02101 
341E-9 2.07897 0.02083 
342E-9 2.07693 0.02066 
343E-9 2.07491 0.02048 
344E-9 2.0729 0.02031 
345E-9 2.07093 0.02014 
346E-9 2.06896 0.01997 
347E-9 2.06702 0.01981 
348E-9 2.0651 0.01965 
349E-9 2.06319 0.01949 
350E-9 2.06131 0.01933 
351E-9 2.05944 0.01917 
352E-9 2.05759 0.01902 
353E-9 2.05576 0.01887 
354E-9 2.05395 0.01872 
355E-9 2.05215 0.01857 
356E-9 2.05037 0.01842 
357E-9 2.04861 0.01828 
358E-9 2.04687 0.01814 
359E-9 2.04514 0.018 
360E-9 2.04343 0.01786 
361E-9 2.04174 0.01773 
362E-9 2.04006 0.01759 
363E-9 2.0384 0.01746 
364E-9 2.03675 0.01733 
365E-9 2.03512 0.0172 
366E-9 2.03351 0.01707 
367E-9 2.03191 0.01695 
368E-9 2.03032 0.01682 
369E-9 2.02875 0.0167 
370E-9 2.0272 0.01658 
371E-9 2.02565 0.01646 
372E-9 2.02413 0.01634 
373E-9 2.02261 0.01622 
374E-9 2.02111 0.01611 
375E-9 2.01963 0.016 
376E-9 2.01815 0.01588 
377E-9 2.0167 0.01577 
378E-9 2.01525 0.01566 
379E-9 2.01382 0.01555 
380E-9 2.0124 0.01545 
381E-9 2.01099 0.01534 
382E-9 2.00959 0.01524 
383E-9 2.00821 0.01513 
384E-9 2.00684 0.01503 
385E-9 2.00548 0.01493 
386E-9 2.00414 0.01483 
387E-9 2.0028 0.01473 
388E-9 2.00148 0.01464 
389E-9 2.00017 0.01454 
390E-9 1.99887 0.01445 
391E-9 1.99758 0.01435 
392E-9 1.9963 0.01426 
393E-9 1.99504 0.01417 
394E-9 1.99378 0.01408 
395E-9 1.99254 0.01399 
396E-9 1.99131 0.0139 
397E-9 1.99008 0.01381 
398E-9 1.98887 0.01372 
399E-9 1.98767 0.01364 
400E-9 1.98647 0.01355 
401E-9 1.98529 0.01347 
402E-9 1.98412 0.01339 
403E-9 1.98295 0.01331 
404E-9 1.9818 0.01322 
405E-9 1.98066 0.01314 
406E-9 1.97952 0.01307 
407E-9 1.9784 0.01299 
408E-9 1.97728 0.01291 
409E-9 1.97618 0.01283 
410E-9 1.97508 0.01276 
411E-9 1.97399 0.01268 
412E-9 1.97291 0.01261 
413E-9 1.97184 0.01253 
414E-9 1.97078 0.01246 
415E-9 1.96973 0.01239 
416E-9 1.96868 0.01232 
417E-9 1.96765 0.01225 
418E-9 1.96662 0.01218 
419E-9 1.9656 0.01211 
420E-9 1.96459 0.01204 
421E-9 1.96359 0.01197 
422E-9 1.96259 0.01191 
423E-9 1.9616 0.01184 
424E-9 1.96062 0.01178 
425E-9 1.95965 0.01171 
426E-9 1.95869 0.01165 
427E-9 1.95773 0.01158 
428E-9 1.95678 0.01152 
429E-9 1.95584 0.01146 
430E-9 1.9549 0.0114 
431E-9 1.95397 0.01134 
432E-9 1.95305 0.01128 
433E-9 1.95214 0.01122 
434E-9 1.95123 0.01116 
435E-9 1.95033 0.0111 
436E-9 1.94944 0.01104 
437E-9 1.94855 0.01098 
438E-9 1.94767 0.01093 
439E-9 1.9468 0.01087 
440E-9 1.94594 0.01081 
441E-9 1.94508 0.01076 
442E-9 1.94422 0.0107 
443E-9 1.94338 0.01065 
444E-9 1.94254 0.0106 
445E-9 1.9417 0.01054 
446E-9 1.94087 0.01049 
447E-9 1.94005 0.01044 
448E-9 1.93924 0.01039 
449E-9 1.93843 0.01034 
450E-9 1.93763 0.01028 
451E-9 1.93683 0.01023 
452E-9 1.93604 0.01018 
453E-9 1.93525 0.01013 
454E-9 1.93447 0.01009 
455E-9 1.93369 0.01004 
456E-9 1.93293 0.00999 
457E-9 1.93216 0.00994 
458E-9 1.9314 0.0099 
459E-9 1.93065 0.00985 
460E-9 1.9299 0.0098 
461E-9 1.92916 0.00976 
462E-9 1.92842 0.00971 
463E-9 1.92769 0.00967 
464E-9 1.92697 0.00962 
465E-9 1.92625 0.00958 
466E-9 1.92553 0.00953 
467E-9 1.92482 0.00949 
468E-9 1.92411 0.00945 
469E-9 1.92341 0.0094 
470E-9 1.92272 0.00936 
471E-9 1.92203 0.00932 
472E-9 1.92134 0.00928 
473E-9 1.92066 0.00924 
474E-9 1.91998 0.0092 
475E-9 1.91931 0.00916 
476E-9 1.91864 0.00912 
477E-9 1.91798 0.00908 
478E-9 1.91732 0.00904 
479E-9 1.91667 0.009 
480E-9 1.91602 0.00896 
481E-9 1.91537 0.00892 
482E-9 1.91473 0.00888 
483E-9 1.9141 0.00884 
484E-9 1.91346 0.00881 
485E-9 1.91284 0.00877 
486E-9 1.91221 0.00873 
487E-9 1.91159 0.0087 
488E-9 1.91098 0.00866 
489E-9 1.91037 0.00862 
490E-9 1.90976 0.00859 
491E-9 1.90916 0.00855 
492E-9 1.90856 0.00852 
493E-9 1.90797 0.00848 
494E-9 1.90737 0.00845 
495E-9 1.90679 0.00841 
496E-9 1.9062 0.00838 
497E-9 1.90562 0.00835 
498E-9 1.90505 0.00831 
499E-9 1.90448 0.00828 
500E-9 1.90391 0.00825 
501E-9 1.90334 0.00821 
502E-9 1.90278 0.00818 
503E-9 1.90223 0.00815 
504E-9 1.90167 0.00812 
505E-9 1.90112 0.00809 
506E-9 1.90058 0.00805 
507E-9 1.90003 0.00802 
508E-9 1.89949 0.00799 
509E-9 1.89896 0.00796 
510E-9 1.89843 0.00793 
511E-9 1.8979 0.0079 
512E-9 1.89737 0.00787 
513E-9 1.89685 0.00784 
514E-9 1.89633 0.00781 
515E-9 1.89581 0.00778 
516E-9 1.8953 0.00775 
517E-9 1.89479 0.00772 
518E-9 1.89428 0.0077 
519E-9 1.89378 0.00767 
520E-9 1.89328 0.00764 
521E-9 1.89278 0.00761 
522E-9 1.89229 0.00758 
523E-9 1.8918 0.00756 
524E-9 1.89131 0.00753 
525E-9 1.89083 0.0075 
526E-9 1.89035 0.00748 
527E-9 1.88987 0.00745 
528E-9 1.88939 0.00742 
529E-9 1.88892 0.0074 
530E-9 1.88845 0.00737 
531E-9 1.88798 0.00734 
532E-9 1.88752 0.00732 
533E-9 1.88706 0.00729 
534E-9 1.8866 0.00727 
535E-9 1.88614 0.00724 
536E-9 1.88569 0.00722 
537E-9 1.88524 0.00719 
538E-9 1.88479 0.00717 
539E-9 1.88435 0.00714 
540E-9 1.8839 0.00712 
541E-9 1.88346 0.00709 
542E-9 1.88303 0.00707 
543E-9 1.88259 0.00705 
544E-9 1.88216 0.00702 
545E-9 1.88173 0.007 
546E-9 1.8813 0.00698 
547E-9 1.88088 0.00695 
548E-9 1.88046 0.00693 
549E-9 1.88004 0.00691 
550E-9 1.87962 0.00688 
551E-9 1.87921 0.00686 
552E-9 1.87879 0.00684 
553E-9 1.87838 0.00682 
554E-9 1.87798 0.00679 
555E-9 1.87757 0.00677 
556E-9 1.87717 0.00675 
557E-9 1.87677 0.00673 
558E-9 1.87637 0.00671 
559E-9 1.87597 0.00669 
560E-9 1.87558 0.00667 
561E-9 1.87519 0.00664 
562E-9 1.8748 0.00662 
563E-9 1.87441 0.0066 
564E-9 1.87403 0.00658 
565E-9 1.87365 0.00656 
566E-9 1.87327 0.00654 
567E-9 1.87289 0.00652 
568E-9 1.87251 0.0065 
569E-9 1.87214 0.00648 
570E-9 1.87177 0.00646 
571E-9 1.8714 0.00644 
572E-9 1.87103 0.00642 
573E-9 1.87067 0.0064 
574E-9 1.8703 0.00638 
575E-9 1.86994 0.00636 
576E-9 1.86958 0.00634 
577E-9 1.86922 0.00633 
578E-9 1.86887 0.00631 
579E-9 1.86852 0.00629 
580E-9 1.86816 0.00627 
581E-9 1.86781 0.00625 
582E-9 1.86747 0.00623 
583E-9 1.86712 0.00621 
584E-9 1.86678 0.0062 
585E-9 1.86643 0.00618 
586E-9 1.86609 0.00616 
587E-9 1.86576 0.00614 
588E-9 1.86542 0.00612 
589E-9 1.86509 0.00611 
590E-9 1.86475 0.00609 
591E-9 1.86442 0.00607 
592E-9 1.86409 0.00606 
593E-9 1.86376 0.00604 
594E-9 1.86344 0.00602 
595E-9 1.86312 0.006 
596E-9 1.86279 0.00599 
597E-9 1.86247 0.00597 
598E-9 1.86215 0.00595 
599E-9 1.86184 0.00594 
600E-9 1.86152 0.00592 
601E-9 1.86121 0.0059 
602E-9 1.8609 0.00589 
603E-9 1.86059 0.00587 
604E-9 1.86028 0.00586 
605E-9 1.85997 0.00584 
606E-9 1.85966 0.00583 
607E-9 1.85936 0.00581 
608E-9 1.85906 0.00579 
609E-9 1.85876 0.00578 
610E-9 1.85846 0.00576 
611E-9 1.85816 0.00575 
612E-9 1.85786 0.00573 
613E-9 1.85757 0.00572 
614E-9 1.85728 0.0057 
615E-9 1.85698 0.00569 
616E-9 1.8567 0.00567 
617E-9 1.85641 0.00566 
618E-9 1.85612 0.00564 
619E-9 1.85583 0.00563 
620E-9 1.85555 0.00561 
621E-9 1.85527 0.0056 
622E-9 1.85499 0.00558 
623E-9 1.85471 0.00557 
624E-9 1.85443 0.00556 
625E-9 1.85415 0.00554 
626E-9 1.85387 0.00553 
627E-9 1.8536 0.00551 
628E-9 1.85333 0.0055 
629E-9 1.85306 0.00549 
630E-9 1.85279 0.00547 
631E-9 1.85252 0.00546 
632E-9 1.85225 0.00544 
633E-9 1.85199 0.00543 
634E-9 1.85172 0.00542 
635E-9 1.85146 0.00541 
636E-9 1.8512 0.00539 
637E-9 1.85093 0.00538 
638E-9 1.85068 0.00537 
639E-9 1.85042 0.00535 
640E-9 1.85016 0.00534 
641E-9 1.8499 0.00533 
642E-9 1.84965 0.00531 
643E-9 1.8494 0.0053 
644E-9 1.84915 0.00529 
645E-9 1.84889 0.00528 
646E-9 1.84865 0.00526 
647E-9 1.8484 0.00525 
648E-9 1.84815 0.00524 
649E-9 1.84791 0.00523 
650E-9 1.84766 0.00521 
651E-9 1.84742 0.0052 
652E-9 1.84718 0.00519 
653E-9 1.84693 0.00518 
654E-9 1.84669 0.00517 
655E-9 1.84646 0.00515 
656E-9 1.84622 0.00514 
657E-9 1.84598 0.00513 
658E-9 1.84575 0.00512 
659E-9 1.84551 0.00511 
660E-9 1.84528 0.00509 
661E-9 1.84505 0.00508 
662E-9 1.84482 0.00507 
663E-9 1.84459 0.00506 
664E-9 1.84436 0.00505 
665E-9 1.84413 0.00504 
666E-9 1.8439 0.00502 
667E-9 1.84368 0.00501 
668E-9 1.84345 0.005 
669E-9 1.84323 0.00499 
670E-9 1.84301 0.00498 
671E-9 1.84279 0.00497 
672E-9 1.84257 0.00496 
673E-9 1.84235 0.00495 
674E-9 1.84213 0.00494 
675E-9 1.84191 0.00493 
676E-9 1.8417 0.00492 
677E-9 1.84148 0.00491 
678E-9 1.84127 0.00489 
679E-9 1.84106 0.00488 
680E-9 1.84084 0.00487 
681E-9 1.84063 0.00486 
682E-9 1.84042 0.00485 
683E-9 1.84021 0.00484 
684E-9 1.84001 0.00483 
685E-9 1.8398 0.00482 
686E-9 1.83959 0.00481 
687E-9 1.83939 0.0048 
688E-9 1.83918 0.00479 
689E-9 1.83898 0.00478 
690E-9 1.83878 0.00477 
691E-9 1.83858 0.00476 
692E-9 1.83837 0.00475 
693E-9 1.83817 0.00474 
694E-9 1.83798 0.00473 
695E-9 1.83778 0.00472 
696E-9 1.83758 0.00471 
697E-9 1.83738 0.0047 
698E-9 1.83719 0.00469 
699E-9 1.83699 0.00468 
700E-9 1.8368 0.00467 
701E-9 1.83661 0.00466 
702E-9 1.83642 0.00466 
703E-9 1.83623 0.00465 
704E-9 1.83604 0.00464 
705E-9 1.83585 0.00463 
706E-9 1.83566 0.00462 
707E-9 1.83547 0.00461 
708E-9 1.83528 0.0046 
709E-9 1.8351 0.00459 
710E-9 1.83491 0.00458 
711E-9 1.83473 0.00457 
712E-9 1.83455 0.00456 
713E-9 1.83436 0.00455 
714E-9 1.83418 0.00455 
715E-9 1.834 0.00454 
716E-9 1.83382 0.00453 
717E-9 1.83364 0.00452 
718E-9 1.83346 0.00451 
719E-9 1.83328 0.0045 
720E-9 1.83311 0.00449 
721E-9 1.83293 0.00448 
722E-9 1.83275 0.00448 
723E-9 1.83258 0.00447 
724E-9 1.83241 0.00446 
725E-9 1.83223 0.00445 
726E-9 1.83206 0.00444 
727E-9 1.83189 0.00443 
728E-9 1.83172 0.00443 
729E-9 1.83155 0.00442 
730E-9 1.83138 0.00441 
731E-9 1.83121 0.0044 
732E-9 1.83104 0.00439 
733E-9 1.83087 0.00438 
734E-9 1.8307 0.00438 
735E-9 1.83054 0.00437 
736E-9 1.83037 0.00436 
737E-9 1.83021 0.00435 
738E-9 1.83005 0.00434 
739E-9 1.82988 0.00434 
740E-9 1.82972 0.00433 
741E-9 1.82956 0.00432 
742E-9 1.8294 0.00431 
743E-9 1.82924 0.00431 
744E-9 1.82908 0.0043 
745E-9 1.82892 0.00429 
746E-9 1.82876 0.00428 
747E-9 1.8286 0.00427 
748E-9 1.82844 0.00427 
749E-9 1.82829 0.00426 
750E-9 1.82813 0.00425 
751E-9 1.82798 0.00424 
752E-9 1.82782 0.00424 
753E-9 1.82767 0.00423 
754E-9 1.82751 0.00422 
755E-9 1.82736 0.00421 
756E-9 1.82721 0.00421 
757E-9 1.82706 0.0042 
758E-9 1.82691 0.00419 
759E-9 1.82676 0.00419 
760E-9 1.82661 0.00418 
761E-9 1.82646 0.00417 
762E-9 1.82631 0.00416 
763E-9 1.82616 0.00416 
764E-9 1.82601 0.00415 
765E-9 1.82587 0.00414 
766E-9 1.82572 0.00414 
767E-9 1.82558 0.00413 
768E-9 1.82543 0.00412 
769E-9 1.82529 0.00412 
770E-9 1.82514 0.00411 
771E-9 1.825 0.0041 
772E-9 1.82486 0.00409 
773E-9 1.82472 0.00409 
774E-9 1.82458 0.00408 
775E-9 1.82444 0.00407 
776E-9 1.8243 0.00407 
777E-9 1.82416 0.00406 
778E-9 1.82402 0.00405 
779E-9 1.82388 0.00405 
780E-9 1.82374 0.00404 
781E-9 1.8236 0.00403 
782E-9 1.82347 0.00403 
783E-9 1.82333 0.00402 
784E-9 1.82319 0.00401 
785E-9 1.82306 0.00401 
786E-9 1.82292 0.004 
787E-9 1.82279 0.004 
788E-9 1.82266 0.00399 
789E-9 1.82252 0.00398 
790E-9 1.82239 0.00398 
791E-9 1.82226 0.00397 
792E-9 1.82213 0.00396 
793E-9 1.822 0.00396 
794E-9 1.82187 0.00395 
795E-9 1.82174 0.00394 
796E-9 1.82161 0.00394 
797E-9 1.82148 0.00393 
798E-9 1.82135 0.00393 
799E-9 1.82122 0.00392 
800E-9 1.82109 0.00391 
