lambda n k
300E-9 2.23691 0.71264 
301E-9 2.22873 0.70124 
302E-9 2.22054 0.68985 
303E-9 2.21236 0.67845 
304E-9 2.20417 0.66706 
305E-9 2.19599 0.65566 
306E-9 2.18781 0.64426 
307E-9 2.17962 0.63287 
308E-9 2.17144 0.62147 
309E-9 2.16325 0.61008 
310E-9 2.15507 0.59868 
311E-9 2.14178 0.59685 
312E-9 2.12849 0.59501 
313E-9 2.1152 0.59318 
314E-9 2.10191 0.59135 
315E-9 2.08863 0.58952 
316E-9 2.07534 0.58768 
317E-9 2.06205 0.58585 
318E-9 2.04876 0.58402 
319E-9 2.03547 0.58218 
320E-9 2.02218 0.58035 
321E-9 2.01426 0.59391 
322E-9 2.00634 0.60746 
323E-9 1.99842 0.62102 
324E-9 1.9905 0.63457 
325E-9 1.98258 0.64813 
326E-9 1.97466 0.66169 
327E-9 1.96674 0.67524 
328E-9 1.95882 0.6888 
329E-9 1.9509 0.70235 
330E-9 1.94298 0.71591 
331E-9 1.95549 0.73231 
332E-9 1.96799 0.7487 
333E-9 1.9805 0.7651 
334E-9 1.993 0.7815 
335E-9 2.00551 0.7979 
336E-9 2.01802 0.81429 
337E-9 2.03052 0.83069 
338E-9 2.04303 0.84709 
339E-9 2.05553 0.86348 
340E-9 2.06804 0.87988 
341E-9 2.09163 0.87902 
342E-9 2.11522 0.87816 
343E-9 2.1388 0.87731 
344E-9 2.16239 0.87645 
345E-9 2.18598 0.87559 
346E-9 2.20957 0.87473 
347E-9 2.23316 0.87387 
348E-9 2.25674 0.87302 
349E-9 2.28033 0.87216 
350E-9 2.30392 0.8713 
351E-9 2.31988 0.85468 
352E-9 2.33584 0.83805 
353E-9 2.3518 0.82143 
354E-9 2.36776 0.8048 
355E-9 2.38372 0.78818 
356E-9 2.39968 0.77156 
357E-9 2.41564 0.75493 
358E-9 2.4316 0.73831 
359E-9 2.44756 0.72168 
360E-9 2.46352 0.70506 
361E-9 2.46579 0.68531 
362E-9 2.46805 0.66556 
363E-9 2.47032 0.64582 
364E-9 2.47258 0.62607 
365E-9 2.47485 0.60632 
366E-9 2.47712 0.58657 
367E-9 2.47938 0.56682 
368E-9 2.48165 0.54708 
369E-9 2.48391 0.52733 
370E-9 2.48618 0.50758 
371E-9 2.47945 0.49372 
372E-9 2.47272 0.47985 
373E-9 2.46599 0.46599 
374E-9 2.45926 0.45212 
375E-9 2.45254 0.43826 
376E-9 2.44581 0.42439 
377E-9 2.43908 0.41053 
378E-9 2.43235 0.39666 
379E-9 2.42562 0.3828 
380E-9 2.41889 0.36893 
381E-9 2.41011 0.36256 
382E-9 2.40133 0.35619 
383E-9 2.39254 0.34982 
384E-9 2.38376 0.34345 
385E-9 2.37498 0.33708 
386E-9 2.3662 0.3307 
387E-9 2.35742 0.32433 
388E-9 2.34863 0.31796 
389E-9 2.33985 0.31159 
390E-9 2.33107 0.30522 
391E-9 2.3242 0.30378 
392E-9 2.31733 0.30233 
393E-9 2.31046 0.30089 
394E-9 2.30359 0.29944 
395E-9 2.29673 0.298 
396E-9 2.28986 0.29655 
397E-9 2.28299 0.29511 
398E-9 2.27612 0.29366 
399E-9 2.26925 0.29222 
400E-9 2.26238 0.29077 
401E-9 2.25821 0.29146 
402E-9 2.25403 0.29214 
403E-9 2.24986 0.29283 
404E-9 2.24569 0.29351 
405E-9 2.24152 0.2942 
406E-9 2.23734 0.29488 
407E-9 2.23317 0.29557 
408E-9 2.229 0.29625 
409E-9 2.22482 0.29694 
410E-9 2.22065 0.29762 
411E-9 2.21864 0.29886 
412E-9 2.21662 0.30011 
413E-9 2.21461 0.30135 
414E-9 2.21259 0.3026 
415E-9 2.21058 0.30384 
416E-9 2.20856 0.30508 
417E-9 2.20655 0.30633 
418E-9 2.20453 0.30757 
419E-9 2.20252 0.30882 
420E-9 2.2005 0.31006 
421E-9 2.20001 0.31121 
422E-9 2.19952 0.31237 
423E-9 2.19903 0.31352 
424E-9 2.19854 0.31468 
425E-9 2.19805 0.31583 
426E-9 2.19755 0.31698 
427E-9 2.19706 0.31814 
428E-9 2.19657 0.31929 
429E-9 2.19608 0.32045 
430E-9 2.19559 0.3216 
431E-9 2.1962 0.32239 
432E-9 2.19681 0.32318 
433E-9 2.19742 0.32397 
434E-9 2.19803 0.32476 
435E-9 2.19864 0.32556 
436E-9 2.19925 0.32635 
437E-9 2.19986 0.32714 
438E-9 2.20047 0.32793 
439E-9 2.20108 0.32872 
440E-9 2.20169 0.32951 
441E-9 2.20311 0.32977 
442E-9 2.20454 0.33002 
443E-9 2.20596 0.33028 
444E-9 2.20739 0.33053 
445E-9 2.20881 0.33079 
446E-9 2.21023 0.33105 
447E-9 2.21166 0.3313 
448E-9 2.21308 0.33156 
449E-9 2.21451 0.33181 
450E-9 2.21593 0.33207 
451E-9 2.21793 0.33164 
452E-9 2.21993 0.33121 
453E-9 2.22193 0.33078 
454E-9 2.22393 0.33035 
455E-9 2.22593 0.32992 
456E-9 2.22792 0.32949 
457E-9 2.22992 0.32906 
458E-9 2.23192 0.32863 
459E-9 2.23392 0.3282 
460E-9 2.23592 0.32777 
461E-9 2.23823 0.32652 
462E-9 2.24054 0.32527 
463E-9 2.24286 0.32402 
464E-9 2.24517 0.32277 
465E-9 2.24748 0.32153 
466E-9 2.24979 0.32028 
467E-9 2.2521 0.31903 
468E-9 2.25442 0.31778 
469E-9 2.25673 0.31653 
470E-9 2.25904 0.31528 
471E-9 2.26136 0.31314 
472E-9 2.26367 0.311 
473E-9 2.26599 0.30885 
474E-9 2.2683 0.30671 
475E-9 2.27062 0.30457 
476E-9 2.27294 0.30243 
477E-9 2.27525 0.30029 
478E-9 2.27757 0.29814 
479E-9 2.27988 0.296 
480E-9 2.2822 0.29386 
481E-9 2.28417 0.29085 
482E-9 2.28614 0.28783 
483E-9 2.28811 0.28482 
484E-9 2.29008 0.28181 
485E-9 2.29205 0.2788 
486E-9 2.29402 0.27578 
487E-9 2.29599 0.27277 
488E-9 2.29796 0.26976 
489E-9 2.29993 0.26674 
490E-9 2.3019 0.26373 
491E-9 2.30318 0.26001 
492E-9 2.30446 0.2563 
493E-9 2.30574 0.25258 
494E-9 2.30702 0.24887 
495E-9 2.3083 0.24515 
496E-9 2.30957 0.24143 
497E-9 2.31085 0.23772 
498E-9 2.31213 0.234 
499E-9 2.31341 0.23029 
500E-9 2.31469 0.22657 
501E-9 2.31501 0.22247 
502E-9 2.31534 0.21836 
503E-9 2.31566 0.21426 
504E-9 2.31598 0.21016 
505E-9 2.31631 0.20606 
506E-9 2.31663 0.20195 
507E-9 2.31695 0.19785 
508E-9 2.31727 0.19375 
509E-9 2.3176 0.18964 
510E-9 2.31792 0.18554 
511E-9 2.31719 0.18147 
512E-9 2.31646 0.1774 
513E-9 2.31573 0.17332 
514E-9 2.315 0.16925 
515E-9 2.31427 0.16518 
516E-9 2.31353 0.16111 
517E-9 2.3128 0.15704 
518E-9 2.31207 0.15296 
519E-9 2.31134 0.14889 
520E-9 2.31061 0.14482 
521E-9 2.30893 0.1412 
522E-9 2.30724 0.13758 
523E-9 2.30556 0.13395 
524E-9 2.30388 0.13033 
525E-9 2.3022 0.12671 
526E-9 2.30051 0.12309 
527E-9 2.29883 0.11947 
528E-9 2.29715 0.11584 
529E-9 2.29546 0.11222 
530E-9 2.29378 0.1086 
531E-9 2.29143 0.10574 
532E-9 2.28908 0.10289 
533E-9 2.28672 0.10003 
534E-9 2.28437 0.09718 
535E-9 2.28202 0.09432 
536E-9 2.27967 0.09146 
537E-9 2.27732 0.08861 
538E-9 2.27496 0.08575 
539E-9 2.27261 0.0829 
540E-9 2.27026 0.08004 
541E-9 2.26761 0.07809 
542E-9 2.26496 0.07615 
543E-9 2.26231 0.0742 
544E-9 2.25966 0.07226 
545E-9 2.25702 0.07031 
546E-9 2.25437 0.06836 
547E-9 2.25172 0.06642 
548E-9 2.24907 0.06447 
549E-9 2.24642 0.06253 
550E-9 2.24377 0.06058 
551E-9 2.24119 0.05951 
552E-9 2.23861 0.05844 
553E-9 2.23603 0.05736 
554E-9 2.23345 0.05629 
555E-9 2.23087 0.05522 
556E-9 2.22828 0.05415 
557E-9 2.2257 0.05308 
558E-9 2.22312 0.052 
559E-9 2.22054 0.05093 
560E-9 2.21796 0.04986 
561E-9 2.21573 0.0495 
562E-9 2.21351 0.04914 
563E-9 2.21128 0.04878 
564E-9 2.20906 0.04842 
565E-9 2.20683 0.04807 
566E-9 2.2046 0.04771 
567E-9 2.20238 0.04735 
568E-9 2.20015 0.04699 
569E-9 2.19793 0.04663 
570E-9 2.1957 0.04627 
571E-9 2.19404 0.04641 
572E-9 2.19238 0.04654 
573E-9 2.19072 0.04668 
574E-9 2.18906 0.04682 
575E-9 2.1874 0.04696 
576E-9 2.18574 0.04709 
577E-9 2.18408 0.04723 
578E-9 2.18242 0.04737 
579E-9 2.18076 0.0475 
580E-9 2.1791 0.04764 
581E-9 2.17818 0.04782 
582E-9 2.17727 0.04801 
583E-9 2.17635 0.04819 
584E-9 2.17544 0.04837 
585E-9 2.17452 0.04856 
586E-9 2.1736 0.04874 
587E-9 2.17269 0.04892 
588E-9 2.17177 0.0491 
589E-9 2.17086 0.04929 
590E-9 2.16994 0.04947 
591E-9 2.16938 0.04936 
592E-9 2.16881 0.04925 
593E-9 2.16825 0.04914 
594E-9 2.16768 0.04903 
595E-9 2.16712 0.04893 
596E-9 2.16655 0.04882 
597E-9 2.16599 0.04871 
598E-9 2.16542 0.0486 
599E-9 2.16486 0.04849 
600E-9 2.16429 0.04838 
601E-9 2.16384 0.04803 
602E-9 2.16338 0.04767 
603E-9 2.16293 0.04732 
604E-9 2.16247 0.04696 
605E-9 2.16202 0.04661 
606E-9 2.16157 0.04626 
607E-9 2.16111 0.0459 
608E-9 2.16066 0.04555 
609E-9 2.1602 0.04519 
610E-9 2.15975 0.04484 
611E-9 2.15928 0.04432 
612E-9 2.15881 0.0438 
613E-9 2.15834 0.04327 
614E-9 2.15787 0.04275 
615E-9 2.15741 0.04223 
616E-9 2.15694 0.04171 
617E-9 2.15647 0.04119 
618E-9 2.156 0.04066 
619E-9 2.15553 0.04014 
620E-9 2.15506 0.03962 
621E-9 2.15452 0.03901 
622E-9 2.15398 0.0384 
623E-9 2.15343 0.03779 
624E-9 2.15289 0.03718 
625E-9 2.15235 0.03658 
626E-9 2.15181 0.03597 
627E-9 2.15127 0.03536 
628E-9 2.15072 0.03475 
629E-9 2.15018 0.03414 
630E-9 2.14964 0.03353 
631E-9 2.14901 0.03291 
632E-9 2.14838 0.03229 
633E-9 2.14775 0.03166 
634E-9 2.14712 0.03104 
635E-9 2.14649 0.03042 
636E-9 2.14585 0.0298 
637E-9 2.14522 0.02918 
638E-9 2.14459 0.02855 
639E-9 2.14396 0.02793 
640E-9 2.14333 0.02731 
641E-9 2.14262 0.02673 
642E-9 2.14192 0.02614 
643E-9 2.14121 0.02556 
644E-9 2.14051 0.02497 
645E-9 2.1398 0.02439 
646E-9 2.13909 0.02381 
647E-9 2.13839 0.02322 
648E-9 2.13768 0.02264 
649E-9 2.13698 0.02205 
650E-9 2.13627 0.02147 
651E-9 2.13551 0.02096 
652E-9 2.13476 0.02045 
653E-9 2.134 0.01994 
654E-9 2.13324 0.01943 
655E-9 2.13249 0.01892 
656E-9 2.13173 0.0184 
657E-9 2.13097 0.01789 
658E-9 2.13021 0.01738 
659E-9 2.12946 0.01687 
660E-9 2.1287 0.01636 
661E-9 2.12792 0.01594 
662E-9 2.12715 0.01551 
663E-9 2.12637 0.01509 
664E-9 2.1256 0.01466 
665E-9 2.12482 0.01424 
666E-9 2.12404 0.01382 
667E-9 2.12327 0.01339 
668E-9 2.12249 0.01297 
669E-9 2.12172 0.01254 
670E-9 2.12094 0.01212 
671E-9 2.12017 0.01178 
672E-9 2.1194 0.01145 
673E-9 2.11863 0.01111 
674E-9 2.11786 0.01077 
675E-9 2.11709 0.01044 
676E-9 2.11631 0.0101 
677E-9 2.11554 0.00976 
678E-9 2.11477 0.00942 
679E-9 2.114 0.00909 
680E-9 2.11323 0.00875 
681E-9 2.11249 0.00849 
682E-9 2.11174 0.00823 
683E-9 2.111 0.00798 
684E-9 2.11025 0.00772 
685E-9 2.10951 0.00746 
686E-9 2.10876 0.0072 
687E-9 2.10802 0.00694 
688E-9 2.10727 0.00669 
689E-9 2.10653 0.00643 
690E-9 2.10578 0.00617 
691E-9 2.10508 0.00598 
692E-9 2.10437 0.00579 
693E-9 2.10367 0.0056 
694E-9 2.10296 0.00541 
695E-9 2.10226 0.00522 
696E-9 2.10155 0.00502 
697E-9 2.10085 0.00483 
698E-9 2.10014 0.00464 
699E-9 2.09944 0.00445 
700E-9 2.09873 0.00426 
701E-9 2.09807 0.00412 
702E-9 2.09741 0.00399 
703E-9 2.09675 0.00385 
704E-9 2.09609 0.00371 
705E-9 2.09544 0.00358 
706E-9 2.09478 0.00344 
707E-9 2.09412 0.0033 
708E-9 2.09346 0.00316 
709E-9 2.0928 0.00303 
710E-9 2.09214 0.00289 
711E-9 2.09153 0.00279 
712E-9 2.09092 0.0027 
713E-9 2.09031 0.0026 
714E-9 2.0897 0.0025 
715E-9 2.08909 0.00241 
716E-9 2.08848 0.00231 
717E-9 2.08787 0.00221 
718E-9 2.08726 0.00211 
719E-9 2.08665 0.00202 
720E-9 2.08604 0.00192 
721E-9 2.08548 0.00185 
722E-9 2.08491 0.00179 
723E-9 2.08435 0.00172 
724E-9 2.08379 0.00166 
725E-9 2.08323 0.00159 
726E-9 2.08266 0.00152 
727E-9 2.0821 0.00146 
728E-9 2.08154 0.00139 
729E-9 2.08097 0.00133 
730E-9 2.08041 0.00126 
731E-9 2.07989 0.00122 
732E-9 2.07938 0.00117 
733E-9 2.07886 0.00113 
734E-9 2.07834 0.00108 
735E-9 2.07783 0.00104 
736E-9 2.07731 9.94139E-4 
737E-9 2.07679 9.49829E-4 
738E-9 2.07627 9.05518E-4 
739E-9 2.07576 8.61208E-4 
740E-9 2.07524 8.16898E-4 
741E-9 2.07476 7.87481E-4 
742E-9 2.07429 7.58064E-4 
743E-9 2.07381 7.28647E-4 
744E-9 2.07334 6.9923E-4 
745E-9 2.07286 6.69813E-4 
746E-9 2.07238 6.40395E-4 
747E-9 2.07191 6.10978E-4 
748E-9 2.07143 5.81561E-4 
749E-9 2.07096 5.52144E-4 
750E-9 2.07048 5.22727E-4 
751E-9 2.07004 5.03554E-4 
752E-9 2.0696 4.84381E-4 
753E-9 2.06917 4.65207E-4 
754E-9 2.06873 4.46034E-4 
755E-9 2.06829 4.26861E-4 
756E-9 2.06785 4.07688E-4 
757E-9 2.06741 3.88515E-4 
758E-9 2.06698 3.69341E-4 
759E-9 2.06654 3.50168E-4 
760E-9 2.0661 3.30995E-4 
761E-9 2.06569 3.18662E-4 
762E-9 2.06529 3.06329E-4 
763E-9 2.06488 2.93996E-4 
764E-9 2.06448 2.81663E-4 
765E-9 2.06407 2.6933E-4 
766E-9 2.06366 2.56996E-4 
767E-9 2.06326 2.44663E-4 
768E-9 2.06285 2.3233E-4 
769E-9 2.06245 2.19997E-4 
770E-9 2.06204 2.07664E-4 
771E-9 2.06166 1.99822E-4 
772E-9 2.06129 1.91979E-4 
773E-9 2.06091 1.84137E-4 
774E-9 2.06053 1.76295E-4 
775E-9 2.06016 1.68453E-4 
776E-9 2.05978 1.6061E-4 
777E-9 2.0594 1.52768E-4 
778E-9 2.05902 1.44926E-4 
779E-9 2.05865 1.37083E-4 
780E-9 2.05827 1.29241E-4 
781E-9 2.05792 1.24304E-4 
782E-9 2.05757 1.19368E-4 
783E-9 2.05722 1.14431E-4 
784E-9 2.05687 1.09494E-4 
785E-9 2.05652 1.04557E-4 
786E-9 2.05617 9.96207E-5 
787E-9 2.05582 9.4684E-5 
788E-9 2.05547 8.97472E-5 
789E-9 2.05512 8.48105E-5 
790E-9 2.05477 7.98738E-5 
791E-9 2.05444 7.67932E-5 
792E-9 2.05411 7.37126E-5 
793E-9 2.05379 7.0632E-5 
794E-9 2.05346 6.75514E-5 
795E-9 2.05313 6.44708E-5 
796E-9 2.0528 6.13902E-5 
797E-9 2.05247 5.83096E-5 
798E-9 2.05215 5.5229E-5 
799E-9 2.05182 5.21484E-5 
800E-9 2.05149 4.90678E-5 
801E-9 2.05118 4.716E-5 
802E-9 2.05088 4.52521E-5 
803E-9 2.05057 4.33443E-5 
804E-9 2.05026 4.14364E-5 
805E-9 2.04996 3.95286E-5 
806E-9 2.04965 3.76207E-5 
807E-9 2.04934 3.57129E-5 
808E-9 2.04903 3.3805E-5 
809E-9 2.04873 3.18972E-5 
810E-9 2.04842 2.99893E-5 
811E-9 2.04813 2.88154E-5 
812E-9 2.04784 2.76415E-5 
813E-9 2.04756 2.64676E-5 
814E-9 2.04727 2.52937E-5 
815E-9 2.04698 2.41198E-5 
816E-9 2.04669 2.29459E-5 
817E-9 2.0464 2.1772E-5 
818E-9 2.04612 2.05981E-5 
819E-9 2.04583 1.94242E-5 
820E-9 2.04554 1.82503E-5 
821E-9 2.04527 1.7532E-5 
822E-9 2.045 1.68137E-5 
823E-9 2.04472 1.60954E-5 
824E-9 2.04445 1.53771E-5 
825E-9 2.04418 1.46588E-5 
826E-9 2.04391 1.39404E-5 
827E-9 2.04364 1.32221E-5 
828E-9 2.04336 1.25038E-5 
829E-9 2.04309 1.17855E-5 
830E-9 2.04282 1.10672E-5 
831E-9 2.04256 1.06297E-5 
832E-9 2.04231 1.01922E-5 
833E-9 2.04205 9.75474E-6 
834E-9 2.0418 9.31725E-6 
835E-9 2.04154 8.87976E-6 
836E-9 2.04128 8.44227E-6 
837E-9 2.04103 8.00478E-6 
838E-9 2.04077 7.5673E-6 
839E-9 2.04052 7.12981E-6 
840E-9 2.04026 6.69232E-6 
841E-9 2.04002 6.42689E-6 
842E-9 2.03977 6.16145E-6 
843E-9 2.03953 5.89602E-6 
844E-9 2.03929 5.63058E-6 
845E-9 2.03905 5.36515E-6 
846E-9 2.0388 5.09972E-6 
847E-9 2.03856 4.83428E-6 
848E-9 2.03832 4.56885E-6 
849E-9 2.03807 4.30341E-6 
850E-9 2.03783 4.03798E-6 
851E-9 2.0376 3.87744E-6 
852E-9 2.03737 3.7169E-6 
853E-9 2.03714 3.55636E-6 
854E-9 2.03691 3.39582E-6 
855E-9 2.03668 3.23528E-6 
856E-9 2.03645 3.07473E-6 
857E-9 2.03622 2.91419E-6 
858E-9 2.03599 2.75365E-6 
859E-9 2.03576 2.59311E-6 
860E-9 2.03553 2.43257E-6 
861E-9 2.03531 2.33571E-6 
862E-9 2.03509 2.23885E-6 
863E-9 2.03487 2.14199E-6 
864E-9 2.03465 2.04513E-6 
865E-9 2.03444 1.94827E-6 
866E-9 2.03422 1.8514E-6 
867E-9 2.034 1.75454E-6 
868E-9 2.03378 1.65768E-6 
869E-9 2.03356 1.56082E-6 
870E-9 2.03334 1.46396E-6 
871E-9 2.03313 1.40563E-6 
872E-9 2.03292 1.3473E-6 
873E-9 2.03272 1.28896E-6 
874E-9 2.03251 1.23063E-6 
875E-9 2.0323 1.1723E-6 
876E-9 2.03209 1.11397E-6 
877E-9 2.03188 1.05563E-6 
878E-9 2.03168 9.97302E-7 
879E-9 2.03147 9.3897E-7 
880E-9 2.03126 8.80638E-7 
881E-9 2.03106 8.45553E-7 
882E-9 2.03086 8.10468E-7 
883E-9 2.03067 7.75383E-7 
884E-9 2.03047 7.40298E-7 
885E-9 2.03027 7.05213E-7 
886E-9 2.03007 6.70127E-7 
887E-9 2.02987 6.35042E-7 
888E-9 2.02968 5.99957E-7 
889E-9 2.02948 5.64872E-7 
890E-9 2.02928 5.29787E-7 
891E-9 2.02909 5.087E-7 
892E-9 2.0289 4.87613E-7 
893E-9 2.02871 4.66527E-7 
894E-9 2.02852 4.4544E-7 
895E-9 2.02834 4.24353E-7 
896E-9 2.02815 4.03266E-7 
897E-9 2.02796 3.82179E-7 
898E-9 2.02777 3.61093E-7 
899E-9 2.02758 3.40006E-7 
900E-9 2.02739 3.18919E-7 
901E-9 2.02721 3.06248E-7 
902E-9 2.02703 2.93577E-7 
903E-9 2.02685 2.80907E-7 
904E-9 2.02667 2.68236E-7 
905E-9 2.02649 2.55565E-7 
906E-9 2.02631 2.42894E-7 
907E-9 2.02613 2.30223E-7 
908E-9 2.02595 2.17553E-7 
909E-9 2.02577 2.04882E-7 
910E-9 2.02559 1.92211E-7 
911E-9 2.02542 1.84596E-7 
912E-9 2.02525 1.7698E-7 
913E-9 2.02507 1.69365E-7 
914E-9 2.0249 1.61749E-7 
915E-9 2.02473 1.54134E-7 
916E-9 2.02456 1.46518E-7 
917E-9 2.02439 1.38903E-7 
918E-9 2.02421 1.31287E-7 
919E-9 2.02404 1.23672E-7 
920E-9 2.02387 1.16056E-7 
921E-9 2.02371 1.11475E-7 
922E-9 2.02354 1.06895E-7 
923E-9 2.02338 1.02314E-7 
924E-9 2.02321 9.77338E-8 
925E-9 2.02305 9.31532E-8 
926E-9 2.02288 8.85726E-8 
927E-9 2.02272 8.39921E-8 
928E-9 2.02255 7.94115E-8 
929E-9 2.02239 7.4831E-8 
930E-9 2.02222 7.02504E-8 
931E-9 2.02206 6.7492E-8 
932E-9 2.0219 6.47335E-8 
933E-9 2.02175 6.19751E-8 
934E-9 2.02159 5.92166E-8 
935E-9 2.02143 5.64582E-8 
936E-9 2.02127 5.36997E-8 
937E-9 2.02111 5.09413E-8 
938E-9 2.02096 4.81828E-8 
939E-9 2.0208 4.54244E-8 
940E-9 2.02064 4.26659E-8 
941E-9 2.02049 4.10019E-8 
942E-9 2.02034 3.93378E-8 
943E-9 2.02018 3.76738E-8 
944E-9 2.02003 3.60097E-8 
945E-9 2.01988 3.43457E-8 
946E-9 2.01973 3.26817E-8 
947E-9 2.01958 3.10176E-8 
948E-9 2.01942 2.93536E-8 
949E-9 2.01927 2.76895E-8 
950E-9 2.01912 2.60255E-8 
951E-9 2.01898 2.50194E-8 
952E-9 2.01883 2.40132E-8 
953E-9 2.01869 2.30071E-8 
954E-9 2.01854 2.20009E-8 
955E-9 2.0184 2.09948E-8 
956E-9 2.01825 1.99886E-8 
957E-9 2.01811 1.89825E-8 
958E-9 2.01796 1.79763E-8 
959E-9 2.01782 1.69702E-8 
960E-9 2.01767 1.5964E-8 
961E-9 2.01753 1.53539E-8 
962E-9 2.01739 1.47437E-8 
963E-9 2.01725 1.41336E-8 
964E-9 2.01711 1.35234E-8 
965E-9 2.01698 1.29133E-8 
966E-9 2.01684 1.23031E-8 
967E-9 2.0167 1.1693E-8 
968E-9 2.01656 1.10828E-8 
969E-9 2.01642 1.04727E-8 
970E-9 2.01628 9.86256E-9 
971E-9 2.01615 9.49119E-9 
972E-9 2.01601 9.11981E-9 
973E-9 2.01588 8.74844E-9 
974E-9 2.01574 8.37706E-9 
975E-9 2.01561 8.00569E-9 
976E-9 2.01548 7.63432E-9 
977E-9 2.01534 7.26294E-9 
978E-9 2.01521 6.89157E-9 
979E-9 2.01507 6.52019E-9 
980E-9 2.01494 6.14882E-9 
981E-9 2.01481 5.92173E-9 
982E-9 2.01468 5.69465E-9 
983E-9 2.01455 5.46756E-9 
984E-9 2.01442 5.24047E-9 
985E-9 2.0143 5.01339E-9 
986E-9 2.01417 4.7863E-9 
987E-9 2.01404 4.55921E-9 
988E-9 2.01391 4.33212E-9 
989E-9 2.01378 4.10504E-9 
990E-9 2.01365 3.87795E-9 
991E-9 2.01353 3.73829E-9 
992E-9 2.0134 3.59863E-9 
993E-9 2.01328 3.45896E-9 
994E-9 2.01315 3.3193E-9 
995E-9 2.01303 3.17964E-9 
996E-9 2.01291 3.03998E-9 
997E-9 2.01278 2.90032E-9 
998E-9 2.01266 2.76065E-9 
999E-9 2.01253 2.62099E-9 
1000E-9 2.01241 2.48133E-9 
1001E-9 2.01229 2.39482E-9 
1002E-9 2.01217 2.30831E-9 
1003E-9 2.01205 2.22179E-9 
1004E-9 2.01193 2.13528E-9 
1005E-9 2.01182 2.04877E-9 
1006E-9 2.0117 1.96226E-9 
1007E-9 2.01158 1.87575E-9 
1008E-9 2.01146 1.78923E-9 
1009E-9 2.01134 1.70272E-9 
1010E-9 2.01122 1.61621E-9 
1011E-9 2.01111 1.56214E-9 
1012E-9 2.01099 1.50807E-9 
1013E-9 2.01088 1.454E-9 
1014E-9 2.01076 1.39993E-9 
1015E-9 2.01065 1.34586E-9 
1016E-9 2.01053 1.29178E-9 
1017E-9 2.01042 1.23771E-9 
1018E-9 2.0103 1.18364E-9 
1019E-9 2.01019 1.12957E-9 
1020E-9 2.01007 1.0755E-9 
1021E-9 2.00996 1.04133E-9 
1022E-9 2.00985 1.00715E-9 
1023E-9 2.00974 9.72979E-10 
1024E-9 2.00963 9.38805E-10 
1025E-9 2.00952 9.04632E-10 
1026E-9 2.0094 8.70458E-10 
1027E-9 2.00929 8.36284E-10 
1028E-9 2.00918 8.0211E-10 
1029E-9 2.00907 7.67937E-10 
1030E-9 2.00896 7.33763E-10 
1031E-9 2.00885 7.11866E-10 
1032E-9 2.00875 6.8997E-10 
1033E-9 2.00864 6.68073E-10 
1034E-9 2.00853 6.46176E-10 
1035E-9 2.00843 6.2428E-10 
1036E-9 2.00832 6.02383E-10 
1037E-9 2.00821 5.80486E-10 
1038E-9 2.0081 5.58589E-10 
1039E-9 2.008 5.36693E-10 
1040E-9 2.00789 5.14796E-10 
1041E-9 2.00779 5.00529E-10 
1042E-9 2.00768 4.86263E-10 
1043E-9 2.00758 4.71996E-10 
1044E-9 2.00748 4.57729E-10 
1045E-9 2.00738 4.43463E-10 
1046E-9 2.00727 4.29196E-10 
1047E-9 2.00717 4.14929E-10 
1048E-9 2.00707 4.00662E-10 
1049E-9 2.00696 3.86396E-10 
1050E-9 2.00686 3.72129E-10 
1051E-9 2.00676 3.62647E-10 
1052E-9 2.00666 3.53165E-10 
1053E-9 2.00656 3.43682E-10 
1054E-9 2.00646 3.342E-10 
1055E-9 2.00636 3.24718E-10 
1056E-9 2.00626 3.15236E-10 
1057E-9 2.00616 3.05754E-10 
1058E-9 2.00606 2.96271E-10 
1059E-9 2.00596 2.86789E-10 
1060E-9 2.00586 2.77307E-10 
1061E-9 2.00576 2.70858E-10 
1062E-9 2.00567 2.64408E-10 
1063E-9 2.00557 2.57959E-10 
1064E-9 2.00548 2.51509E-10 
1065E-9 2.00538 2.4506E-10 
1066E-9 2.00528 2.38611E-10 
1067E-9 2.00519 2.32161E-10 
1068E-9 2.00509 2.25712E-10 
1069E-9 2.005 2.19262E-10 
1070E-9 2.0049 2.12813E-10 
1071E-9 2.00481 2.08312E-10 
1072E-9 2.00471 2.0381E-10 
1073E-9 2.00462 1.99309E-10 
1074E-9 2.00453 1.94807E-10 
1075E-9 2.00444 1.90306E-10 
1076E-9 2.00434 1.85805E-10 
1077E-9 2.00425 1.81303E-10 
1078E-9 2.00416 1.76802E-10 
1079E-9 2.00406 1.723E-10 
1080E-9 2.00397 1.67799E-10 
1081E-9 2.00388 1.64569E-10 
1082E-9 2.00379 1.61339E-10 
1083E-9 2.0037 1.58109E-10 
1084E-9 2.00361 1.54879E-10 
1085E-9 2.00352 1.51649E-10 
1086E-9 2.00343 1.48418E-10 
1087E-9 2.00334 1.45188E-10 
1088E-9 2.00325 1.41958E-10 
1089E-9 2.00316 1.38728E-10 
1090E-9 2.00307 1.35498E-10 
1091E-9 2.00298 1.33113E-10 
1092E-9 2.0029 1.30729E-10 
1093E-9 2.00281 1.28344E-10 
1094E-9 2.00272 1.2596E-10 
1095E-9 2.00264 1.23575E-10 
1096E-9 2.00255 1.2119E-10 
1097E-9 2.00246 1.18806E-10 
1098E-9 2.00237 1.16421E-10 
1099E-9 2.00229 1.14037E-10 
1100E-9 2.0022 1.11652E-10 
