lambda n k
300E-9 1.79768 0.1937 
301E-9 1.79572 0.19028 
302E-9 1.79378 0.18699 
303E-9 1.79186 0.18375 
304E-9 1.78996 0.18059 
305E-9 1.78808 0.17752 
306E-9 1.78621 0.1745 
307E-9 1.78437 0.17157 
308E-9 1.78254 0.1687 
309E-9 1.78073 0.16588 
310E-9 1.77894 0.16316 
311E-9 1.77716 0.16048 
312E-9 1.7754 0.15785 
313E-9 1.77367 0.15531 
314E-9 1.77194 0.1528 
315E-9 1.77023 0.15035 
316E-9 1.76854 0.14797 
317E-9 1.76686 0.14561 
318E-9 1.7652 0.14334 
319E-9 1.76356 0.1411 
320E-9 1.76193 0.13891 
321E-9 1.76032 0.13678 
322E-9 1.75871 0.13467 
323E-9 1.75713 0.13263 
324E-9 1.75556 0.13062 
325E-9 1.754 0.12865 
326E-9 1.75247 0.12673 
327E-9 1.75094 0.12485 
328E-9 1.74942 0.123 
329E-9 1.74793 0.1212 
330E-9 1.74644 0.11943 
331E-9 1.74497 0.1177 
332E-9 1.74351 0.11601 
333E-9 1.74206 0.11434 
334E-9 1.74063 0.11271 
335E-9 1.73921 0.11112 
336E-9 1.7378 0.10955 
337E-9 1.73641 0.10802 
338E-9 1.73503 0.10652 
339E-9 1.73366 0.10504 
340E-9 1.7323 0.1036 
341E-9 1.73095 0.10218 
342E-9 1.72962 0.1008 
343E-9 1.7283 0.09944 
344E-9 1.72698 0.09809 
345E-9 1.72568 0.09679 
346E-9 1.72439 0.0955 
347E-9 1.72312 0.09424 
348E-9 1.72185 0.09301 
349E-9 1.72059 0.09179 
350E-9 1.71935 0.0906 
351E-9 1.71812 0.08943 
352E-9 1.71689 0.08828 
353E-9 1.71568 0.08716 
354E-9 1.71448 0.08605 
355E-9 1.71328 0.08496 
356E-9 1.7121 0.0839 
357E-9 1.71093 0.08285 
358E-9 1.70977 0.08183 
359E-9 1.70861 0.08082 
360E-9 1.70747 0.07982 
361E-9 1.70633 0.07885 
362E-9 1.70521 0.07789 
363E-9 1.70409 0.07695 
364E-9 1.70299 0.07603 
365E-9 1.70189 0.07512 
366E-9 1.7008 0.07423 
367E-9 1.69972 0.07335 
368E-9 1.69865 0.07249 
369E-9 1.69759 0.07165 
370E-9 1.69653 0.07081 
371E-9 1.69549 0.06999 
372E-9 1.69445 0.06919 
373E-9 1.69342 0.0684 
374E-9 1.6924 0.06762 
375E-9 1.69139 0.06686 
376E-9 1.69039 0.0661 
377E-9 1.68939 0.06536 
378E-9 1.68841 0.06464 
379E-9 1.68742 0.06392 
380E-9 1.68645 0.06322 
381E-9 1.68549 0.06252 
382E-9 1.68453 0.06184 
383E-9 1.68358 0.06117 
384E-9 1.68264 0.06051 
385E-9 1.6817 0.05986 
386E-9 1.68078 0.05922 
387E-9 1.67986 0.05859 
388E-9 1.67894 0.05797 
389E-9 1.67804 0.05736 
390E-9 1.67714 0.05676 
391E-9 1.67625 0.05617 
392E-9 1.67536 0.05559 
393E-9 1.67448 0.05502 
394E-9 1.67361 0.05445 
395E-9 1.67274 0.0539 
396E-9 1.67188 0.05335 
397E-9 1.67103 0.05281 
398E-9 1.67018 0.05228 
399E-9 1.66935 0.05176 
400E-9 1.66851 0.05124 
401E-9 1.66769 0.05074 
402E-9 1.66686 0.05024 
403E-9 1.66605 0.04974 
404E-9 1.66524 0.04926 
405E-9 1.66444 0.04878 
406E-9 1.66364 0.04831 
407E-9 1.66285 0.04785 
408E-9 1.66206 0.04739 
409E-9 1.66128 0.04694 
410E-9 1.66051 0.04649 
411E-9 1.65974 0.04605 
412E-9 1.65898 0.04562 
413E-9 1.65822 0.0452 
414E-9 1.65747 0.04478 
415E-9 1.65672 0.04437 
416E-9 1.65598 0.04396 
417E-9 1.65525 0.04355 
418E-9 1.65452 0.04316 
419E-9 1.65379 0.04276 
420E-9 1.65307 0.04238 
421E-9 1.65236 0.042 
422E-9 1.65165 0.04162 
423E-9 1.65094 0.04125 
424E-9 1.65024 0.04089 
425E-9 1.64955 0.04053 
426E-9 1.64886 0.04017 
427E-9 1.64817 0.03982 
428E-9 1.64749 0.03948 
429E-9 1.64682 0.03913 
430E-9 1.64615 0.0388 
431E-9 1.64548 0.03846 
432E-9 1.64482 0.03814 
433E-9 1.64416 0.03781 
434E-9 1.64351 0.03749 
435E-9 1.64286 0.03718 
436E-9 1.64222 0.03687 
437E-9 1.64158 0.03656 
438E-9 1.64095 0.03625 
439E-9 1.64032 0.03596 
440E-9 1.63969 0.03566 
441E-9 1.63907 0.03537 
442E-9 1.63845 0.03508 
443E-9 1.63784 0.03479 
444E-9 1.63723 0.03451 
445E-9 1.63662 0.03424 
446E-9 1.63602 0.03396 
447E-9 1.63543 0.03369 
448E-9 1.63483 0.03342 
449E-9 1.63424 0.03316 
450E-9 1.63366 0.0329 
451E-9 1.63308 0.03264 
452E-9 1.6325 0.03239 
453E-9 1.63193 0.03214 
454E-9 1.63136 0.03189 
455E-9 1.63079 0.03164 
456E-9 1.63023 0.0314 
457E-9 1.62967 0.03116 
458E-9 1.62911 0.03092 
459E-9 1.62856 0.03069 
460E-9 1.62801 0.03046 
461E-9 1.62747 0.03023 
462E-9 1.62693 0.03 
463E-9 1.62639 0.02978 
464E-9 1.62586 0.02956 
465E-9 1.62533 0.02934 
466E-9 1.6248 0.02913 
467E-9 1.62428 0.02891 
468E-9 1.62376 0.0287 
469E-9 1.62324 0.0285 
470E-9 1.62273 0.02829 
471E-9 1.62222 0.02809 
472E-9 1.62171 0.02789 
473E-9 1.62121 0.02769 
474E-9 1.62071 0.02749 
475E-9 1.62021 0.0273 
476E-9 1.61971 0.02711 
477E-9 1.61922 0.02692 
478E-9 1.61873 0.02673 
479E-9 1.61825 0.02654 
480E-9 1.61777 0.02636 
481E-9 1.61729 0.02618 
482E-9 1.61681 0.026 
483E-9 1.61634 0.02582 
484E-9 1.61587 0.02564 
485E-9 1.6154 0.02547 
486E-9 1.61494 0.0253 
487E-9 1.61448 0.02513 
488E-9 1.61402 0.02496 
489E-9 1.61356 0.02479 
490E-9 1.61311 0.02463 
491E-9 1.61266 0.02447 
492E-9 1.61221 0.02431 
493E-9 1.61177 0.02415 
494E-9 1.61132 0.02399 
495E-9 1.61088 0.02383 
496E-9 1.61045 0.02368 
497E-9 1.61001 0.02353 
498E-9 1.60958 0.02338 
499E-9 1.60915 0.02323 
500E-9 1.60873 0.02308 
501E-9 1.6083 0.02293 
502E-9 1.60788 0.02279 
503E-9 1.60746 0.02264 
504E-9 1.60705 0.0225 
505E-9 1.60663 0.02236 
506E-9 1.60622 0.02222 
507E-9 1.60581 0.02208 
508E-9 1.6054 0.02195 
509E-9 1.605 0.02181 
510E-9 1.6046 0.02168 
511E-9 1.6042 0.02155 
512E-9 1.6038 0.02141 
513E-9 1.60341 0.02128 
514E-9 1.60302 0.02116 
515E-9 1.60263 0.02103 
516E-9 1.60224 0.0209 
517E-9 1.60185 0.02078 
518E-9 1.60147 0.02066 
519E-9 1.60109 0.02053 
520E-9 1.60071 0.02041 
521E-9 1.60033 0.02029 
522E-9 1.59996 0.02017 
523E-9 1.59958 0.02006 
524E-9 1.59921 0.01994 
525E-9 1.59884 0.01982 
526E-9 1.59848 0.01971 
527E-9 1.59811 0.0196 
528E-9 1.59775 0.01949 
529E-9 1.59739 0.01937 
530E-9 1.59704 0.01926 
531E-9 1.59668 0.01916 
532E-9 1.59632 0.01905 
533E-9 1.59597 0.01894 
534E-9 1.59562 0.01883 
535E-9 1.59527 0.01873 
536E-9 1.59493 0.01863 
537E-9 1.59458 0.01852 
538E-9 1.59424 0.01842 
539E-9 1.5939 0.01832 
540E-9 1.59356 0.01822 
541E-9 1.59323 0.01812 
542E-9 1.59289 0.01802 
543E-9 1.59256 0.01792 
544E-9 1.59223 0.01783 
545E-9 1.5919 0.01773 
546E-9 1.59157 0.01764 
547E-9 1.59125 0.01754 
548E-9 1.59092 0.01745 
549E-9 1.5906 0.01736 
550E-9 1.59028 0.01727 
551E-9 1.58996 0.01718 
552E-9 1.58965 0.01709 
553E-9 1.58933 0.017 
554E-9 1.58902 0.01691 
555E-9 1.5887 0.01682 
556E-9 1.58839 0.01673 
557E-9 1.58809 0.01665 
558E-9 1.58778 0.01656 
559E-9 1.58747 0.01648 
560E-9 1.58717 0.01639 
561E-9 1.58687 0.01631 
562E-9 1.58657 0.01623 
563E-9 1.58627 0.01615 
564E-9 1.58597 0.01607 
565E-9 1.58568 0.01599 
566E-9 1.58538 0.01591 
567E-9 1.58509 0.01583 
568E-9 1.5848 0.01575 
569E-9 1.58451 0.01567 
570E-9 1.58422 0.0156 
571E-9 1.58394 0.01552 
572E-9 1.58365 0.01544 
573E-9 1.58337 0.01537 
574E-9 1.58309 0.01529 
575E-9 1.58281 0.01522 
576E-9 1.58253 0.01515 
577E-9 1.58225 0.01507 
578E-9 1.58198 0.015 
579E-9 1.5817 0.01493 
580E-9 1.58143 0.01486 
581E-9 1.58116 0.01479 
582E-9 1.58089 0.01472 
583E-9 1.58062 0.01465 
584E-9 1.58035 0.01458 
585E-9 1.58008 0.01452 
586E-9 1.57982 0.01445 
587E-9 1.57956 0.01438 
588E-9 1.57929 0.01431 
589E-9 1.57903 0.01425 
590E-9 1.57877 0.01418 
591E-9 1.57852 0.01412 
592E-9 1.57826 0.01405 
593E-9 1.578 0.01399 
594E-9 1.57775 0.01393 
595E-9 1.5775 0.01387 
596E-9 1.57724 0.0138 
597E-9 1.57699 0.01374 
598E-9 1.57675 0.01368 
599E-9 1.5765 0.01362 
600E-9 1.57625 0.01356 
601E-9 1.576 0.0135 
602E-9 1.57576 0.01344 
603E-9 1.57552 0.01338 
604E-9 1.57528 0.01332 
605E-9 1.57504 0.01326 
606E-9 1.5748 0.01321 
607E-9 1.57456 0.01315 
608E-9 1.57432 0.01309 
609E-9 1.57409 0.01304 
610E-9 1.57385 0.01298 
611E-9 1.57362 0.01292 
612E-9 1.57338 0.01287 
613E-9 1.57315 0.01282 
614E-9 1.57292 0.01276 
615E-9 1.57269 0.01271 
616E-9 1.57247 0.01265 
617E-9 1.57224 0.0126 
618E-9 1.57201 0.01255 
619E-9 1.57179 0.0125 
620E-9 1.57157 0.01244 
621E-9 1.57134 0.01239 
622E-9 1.57112 0.01234 
623E-9 1.5709 0.01229 
624E-9 1.57068 0.01224 
625E-9 1.57046 0.01219 
626E-9 1.57025 0.01214 
627E-9 1.57003 0.01209 
628E-9 1.56982 0.01204 
629E-9 1.5696 0.01199 
630E-9 1.56939 0.01195 
631E-9 1.56918 0.0119 
632E-9 1.56897 0.01185 
633E-9 1.56876 0.0118 
634E-9 1.56855 0.01176 
635E-9 1.56834 0.01171 
636E-9 1.56813 0.01166 
637E-9 1.56792 0.01162 
638E-9 1.56772 0.01157 
639E-9 1.56752 0.01153 
640E-9 1.56731 0.01148 
641E-9 1.56711 0.01144 
642E-9 1.56691 0.01139 
643E-9 1.56671 0.01135 
644E-9 1.56651 0.01131 
645E-9 1.56631 0.01126 
646E-9 1.56611 0.01122 
647E-9 1.56592 0.01118 
648E-9 1.56572 0.01113 
649E-9 1.56553 0.01109 
650E-9 1.56533 0.01105 
651E-9 1.56514 0.01101 
652E-9 1.56495 0.01097 
653E-9 1.56476 0.01093 
654E-9 1.56456 0.01089 
655E-9 1.56438 0.01085 
656E-9 1.56419 0.01081 
657E-9 1.564 0.01077 
658E-9 1.56381 0.01073 
659E-9 1.56363 0.01069 
660E-9 1.56344 0.01065 
661E-9 1.56326 0.01061 
662E-9 1.56307 0.01057 
663E-9 1.56289 0.01053 
664E-9 1.56271 0.01049 
665E-9 1.56253 0.01045 
666E-9 1.56235 0.01042 
667E-9 1.56217 0.01038 
668E-9 1.56199 0.01034 
669E-9 1.56181 0.01031 
670E-9 1.56163 0.01027 
671E-9 1.56146 0.01023 
672E-9 1.56128 0.0102 
673E-9 1.56111 0.01016 
674E-9 1.56093 0.01013 
675E-9 1.56076 0.01009 
676E-9 1.56059 0.01006 
677E-9 1.56042 0.01002 
678E-9 1.56024 0.00999 
679E-9 1.56007 0.00995 
680E-9 1.55991 0.00992 
681E-9 1.55974 0.00988 
682E-9 1.55957 0.00985 
683E-9 1.5594 0.00981 
684E-9 1.55923 0.00978 
685E-9 1.55907 0.00975 
686E-9 1.5589 0.00971 
687E-9 1.55874 0.00968 
688E-9 1.55858 0.00965 
689E-9 1.55841 0.00962 
690E-9 1.55825 0.00958 
691E-9 1.55809 0.00955 
692E-9 1.55793 0.00952 
693E-9 1.55777 0.00949 
694E-9 1.55761 0.00946 
695E-9 1.55745 0.00943 
696E-9 1.55729 0.0094 
697E-9 1.55714 0.00937 
698E-9 1.55698 0.00933 
699E-9 1.55682 0.0093 
700E-9 1.55667 0.00927 
701E-9 1.55651 0.00924 
702E-9 1.55636 0.00921 
703E-9 1.55621 0.00918 
704E-9 1.55605 0.00915 
705E-9 1.5559 0.00912 
706E-9 1.55575 0.0091 
707E-9 1.5556 0.00907 
708E-9 1.55545 0.00904 
709E-9 1.5553 0.00901 
710E-9 1.55515 0.00898 
711E-9 1.555 0.00895 
712E-9 1.55486 0.00892 
713E-9 1.55471 0.0089 
714E-9 1.55456 0.00887 
715E-9 1.55442 0.00884 
716E-9 1.55427 0.00881 
717E-9 1.55413 0.00878 
718E-9 1.55398 0.00876 
719E-9 1.55384 0.00873 
720E-9 1.5537 0.0087 
721E-9 1.55356 0.00868 
722E-9 1.55341 0.00865 
723E-9 1.55327 0.00862 
724E-9 1.55313 0.0086 
725E-9 1.55299 0.00857 
726E-9 1.55285 0.00855 
727E-9 1.55272 0.00852 
728E-9 1.55258 0.0085 
729E-9 1.55244 0.00847 
730E-9 1.5523 0.00844 
731E-9 1.55217 0.00842 
732E-9 1.55203 0.00839 
733E-9 1.5519 0.00837 
734E-9 1.55176 0.00834 
735E-9 1.55163 0.00832 
736E-9 1.55149 0.00829 
737E-9 1.55136 0.00827 
738E-9 1.55123 0.00825 
739E-9 1.5511 0.00822 
740E-9 1.55096 0.0082 
741E-9 1.55083 0.00817 
742E-9 1.5507 0.00815 
743E-9 1.55057 0.00813 
744E-9 1.55044 0.0081 
745E-9 1.55032 0.00808 
746E-9 1.55019 0.00806 
747E-9 1.55006 0.00803 
748E-9 1.54993 0.00801 
749E-9 1.54981 0.00799 
750E-9 1.54968 0.00797 
751E-9 1.54955 0.00794 
752E-9 1.54943 0.00792 
753E-9 1.5493 0.0079 
754E-9 1.54918 0.00788 
755E-9 1.54906 0.00785 
756E-9 1.54893 0.00783 
757E-9 1.54881 0.00781 
758E-9 1.54869 0.00779 
759E-9 1.54857 0.00777 
760E-9 1.54844 0.00775 
761E-9 1.54832 0.00772 
762E-9 1.5482 0.0077 
763E-9 1.54808 0.00768 
764E-9 1.54796 0.00766 
765E-9 1.54784 0.00764 
766E-9 1.54773 0.00762 
767E-9 1.54761 0.0076 
768E-9 1.54749 0.00758 
769E-9 1.54737 0.00756 
770E-9 1.54726 0.00754 
771E-9 1.54714 0.00752 
772E-9 1.54703 0.0075 
773E-9 1.54691 0.00748 
774E-9 1.5468 0.00746 
775E-9 1.54668 0.00744 
776E-9 1.54657 0.00742 
777E-9 1.54645 0.0074 
778E-9 1.54634 0.00738 
779E-9 1.54623 0.00736 
780E-9 1.54612 0.00734 
781E-9 1.546 0.00732 
782E-9 1.54589 0.0073 
783E-9 1.54578 0.00728 
784E-9 1.54567 0.00726 
785E-9 1.54556 0.00724 
786E-9 1.54545 0.00723 
787E-9 1.54534 0.00721 
788E-9 1.54523 0.00719 
789E-9 1.54512 0.00717 
790E-9 1.54502 0.00715 
791E-9 1.54491 0.00713 
792E-9 1.5448 0.00712 
793E-9 1.54469 0.0071 
794E-9 1.54459 0.00708 
795E-9 1.54448 0.00706 
796E-9 1.54438 0.00704 
797E-9 1.54427 0.00703 
798E-9 1.54417 0.00701 
799E-9 1.54406 0.00699 
800E-9 1.54396 0.00697 
