lambda n k
300E-9 2.2813 0.00187 
301E-9 2.2772 0.018603 
302E-9 2.2726 0.018079 
303E-9 2.2677 0.012044 
304E-9 2.2625 0.015326 
305E-9 2.2579 0.008774 
306E-9 2.2539 0.0072714 
307E-9 2.2475 0.0096037 
308E-9 2.2415 0.0068349 
309E-9 2.2361 0.016937 
310E-9 2.2313 0.020463 
311E-9 2.2263 0.024543 
312E-9 2.2198 0.027014 
313E-9 2.2134 0.022376 
314E-9 2.2071 0.02211 
315E-9 2.2033 0.024245 
316E-9 2.1991 0.024293 
317E-9 2.1943 0.029667 
318E-9 2.189 0.028785 
319E-9 2.1836 0.026074 
320E-9 2.178 0.027697 
321E-9 2.1735 0.027027 
322E-9 2.1694 0.025978 
323E-9 2.1626 0.025679 
324E-9 2.1567 0.021698 
325E-9 2.1521 0.019034 
326E-9 2.1471 0.02045 
327E-9 2.1419 0.020627 
328E-9 2.1357 0.022622 
329E-9 2.1306 0.023577 
330E-9 2.1262 0.022893 
331E-9 2.1228 0.022661 
332E-9 2.1181 0.020708 
333E-9 2.1117 0.020224 
334E-9 2.1074 0.020013 
335E-9 2.1034 0.019556 
336E-9 2.0996 0.02072 
337E-9 2.0958 0.021017 
338E-9 2.0919 0.019538 
339E-9 2.0886 0.019201 
340E-9 2.0856 0.018182 
341E-9 2.0828 0.017667 
342E-9 2.08 0.018114 
343E-9 2.0766 0.017231 
344E-9 2.0718 0.016527 
345E-9 2.067 0.017471 
346E-9 2.0623 0.016735 
347E-9 2.0576 0.016918 
348E-9 2.0533 0.016522 
349E-9 2.0496 0.015512 
350E-9 2.0479 0.015817 
351E-9 2.0447 0.01492 
352E-9 2.0381 0.014959 
353E-9 2.0359 0.014533 
354E-9 2.0349 0.013847 
355E-9 2.0314 0.013409 
356E-9 2.028 0.012806 
357E-9 2.0246 0.012533 
358E-9 2.0224 0.012349 
359E-9 2.0195 0.012155 
360E-9 2.0154 0.011969 
361E-9 2.0119 0.012039 
362E-9 2.0091 0.011581 
363E-9 2.0086 0.011391 
364E-9 2.0052 0.010411 
365E-9 1.9994 0.0099474 
366E-9 1.9968 0.0097086 
367E-9 1.9946 0.0092788 
368E-9 1.9932 0.009074 
369E-9 1.9897 0.0082 
370E-9 1.9864 0.0078682 
371E-9 1.986 0.0077123 
372E-9 1.9843 0.0077311 
373E-9 1.9817 0.0077597 
374E-9 1.9806 0.0075086 
375E-9 1.9791 0.0070569 
376E-9 1.9768 0.0070063 
377E-9 1.9748 0.006755 
378E-9 1.973 0.0065038 
379E-9 1.9712 0.0065226 
380E-9 1.9691 0.00627 
381E-9 1.9669 0.0057477 
382E-9 1.9645 0.00575 
383E-9 1.9635 0.005218 
384E-9 1.9644 0.00523 
385E-9 1.9614 0.00481 
386E-9 1.9587 0.0047046 
387E-9 1.9599 0.00472 
388E-9 1.9591 0.00445 
389E-9 1.9572 0.0041482 
390E-9 1.9562 0.00391 
391E-9 1.9551 0.00364 
392E-9 1.954 0.0031476 
393E-9 1.9508 0.0031 
394E-9 1.9477 0.00295 
395E-9 1.9463 0.0026982 
396E-9 1.946 0.00284 
397E-9 1.9462 0.0027732 
398E-9 1.9439 0.00257 
399E-9 1.9431 0.00229 
400E-9 1.9438 0.00229 
401E-9 1.9428 0.00201 
402E-9 1.9418 0.00202 
403E-9 1.9412 0.00231 
404E-9 1.9415 0.00232 
405E-9 1.9419 0.00232 
406E-9 1.9392 0.0022276 
407E-9 1.9376 0.0023326 
408E-9 1.9369 0.00205 
409E-9 1.9356 0.00205 
410E-9 1.9347 0.0017688 
411E-9 1.9349 0.00177 
412E-9 1.9337 0.00148 
413E-9 1.9324 0.0012743 
414E-9 1.9334 0.00148 
415E-9 1.9332 0.00149 
416E-9 1.932 0.00179 
417E-9 1.9321 0.0016962 
418E-9 1.9323 0.0015 
419E-9 1.9324 0.0012 
420E-9 1.9317 0.0012006 
421E-9 1.9309 0.00121 
422E-9 1.9318 0.00121 
423E-9 1.9312 0.00152 
424E-9 1.9295 0.00152 
425E-9 1.9306 0.00122 
426E-9 1.931 0.00122 
427E-9 1.9299 0.0012249 
428E-9 1.9301 0.00123 
429E-9 1.93 0.00123 
430E-9 1.9258 0.0011517 
431E-9 1.9256 0.00092697 
432E-9 1.9285 0.00095649 
433E-9 1.9274 0.00093127 
434E-9 1.9255 0.00124 
435E-9 1.9228 0.00125 
436E-9 1.9251 0.00125 
437E-9 1.928 0.00125 
438E-9 1.9281 0.00126 
439E-9 1.9265 0.00126 
440E-9 1.9236 0.00126 
441E-9 1.9263 0.0014432 
442E-9 1.9283 0.0015838 
443E-9 1.929 0.0014865 
444E-9 1.9279 0.0015147 
445E-9 1.9269 0.0015918 
446E-9 1.9281 0.0016 
447E-9 1.9296 0.0016188 
448E-9 1.931 0.00193 
449E-9 1.929 0.00193 
450E-9 1.9292 0.0019385 
451E-9 1.9323 0.00194 
452E-9 1.9311 0.00194 
453E-9 1.9296 0.0020535 
454E-9 1.9295 0.00195 
455E-9 1.9311 0.00196 
456E-9 1.9334 0.00196 
457E-9 1.9312 0.0021206 
458E-9 1.9293 0.0023 
459E-9 1.9278 0.0024165 
460E-9 1.928 0.00264 
461E-9 1.9286 0.0026426 
462E-9 1.9296 0.00298 
463E-9 1.9307 0.00299 
464E-9 1.9317 0.0029912 
465E-9 1.9309 0.003 
466E-9 1.9292 0.00301 
467E-9 1.9266 0.00301 
468E-9 1.9274 0.0033591 
469E-9 1.9286 0.00366 
470E-9 1.9295 0.0037082 
471E-9 1.9299 0.0033779 
472E-9 1.9298 0.00338 
473E-9 1.9275 0.00339 
474E-9 1.9257 0.0034 
475E-9 1.9246 0.0034064 
476E-9 1.9263 0.00375 
477E-9 1.9262 0.00376 
478E-9 1.9214 0.00377 
479E-9 1.9198 0.00412 
480E-9 1.9188 0.00413 
481E-9 1.9146 0.00428 
482E-9 1.9122 0.00449 
483E-9 1.9115 0.0045 
484E-9 1.9122 0.00451 
485E-9 1.9117 0.0046229 
486E-9 1.909 0.00453 
487E-9 1.9058 0.00489 
488E-9 1.9026 0.00455 
489E-9 1.8999 0.0046236 
490E-9 1.8991 0.00492 
491E-9 1.8996 0.00493 
492E-9 1.8989 0.00494 
493E-9 1.8971 0.00495 
494E-9 1.8935 0.0053109 
495E-9 1.8912 0.0053206 
496E-9 1.8894 0.0053303 
497E-9 1.8875 0.0057 
498E-9 1.8866 0.00571 
499E-9 1.8862 0.00572 
500E-9 1.8839 0.0057397 
501E-9 1.8833 0.0057497 
502E-9 1.8853 0.0060982 
503E-9 1.8833 0.00613 
504E-9 1.8807 0.00614 
505E-9 1.879 0.0061591 
506E-9 1.8778 0.0061691 
507E-9 1.8768 0.0065073 
508E-9 1.8726 0.0065591 
509E-9 1.871 0.0065691 
510E-9 1.873 0.00658 
511E-9 1.8694 0.00659 
512E-9 1.8655 0.0066088 
513E-9 1.8641 0.00662 
514E-9 1.8642 0.0069552 
515E-9 1.865 0.0070188 
516E-9 1.8641 0.0070288 
517E-9 1.8634 0.00704 
518E-9 1.8629 0.0070588 
519E-9 1.8602 0.00744 
520E-9 1.8577 0.0074591 
521E-9 1.8564 0.00747 
522E-9 1.8557 0.0074891 
523E-9 1.8553 0.00787 
524E-9 1.855 0.0078894 
525E-9 1.8533 0.0079 
526E-9 1.8502 0.00754 
527E-9 1.8492 0.0075597 
528E-9 1.8481 0.00795 
529E-9 1.8466 0.00796 
530E-9 1.8459 0.00836 
531E-9 1.8456 0.0083703 
532E-9 1.8446 0.0083906 
533E-9 1.8432 0.00841 
534E-9 1.8415 0.0084209 
535E-9 1.8412 0.00844 
536E-9 1.8407 0.0085091 
537E-9 1.8394 0.0088518 
538E-9 1.8387 0.0088718 
539E-9 1.8379 0.00889 
540E-9 1.8349 0.0089024 
541E-9 1.8335 0.00892 
542E-9 1.8332 0.00894 
543E-9 1.8304 0.0089533 
544E-9 1.8286 0.00897 
545E-9 1.8285 0.0089839 
546E-9 1.8271 0.0093942 
547E-9 1.8258 0.00941 
548E-9 1.8257 0.0092291 
549E-9 1.8248 0.00905 
550E-9 1.8234 0.0094658 
551E-9 1.8206 0.00948 
552E-9 1.8189 0.0094967 
553E-9 1.8187 0.009517 
554E-9 1.8171 0.00953 
555E-9 1.8158 0.0095479 
556E-9 1.8165 0.0095685 
557E-9 1.8155 0.0096285 
558E-9 1.8136 0.0096 
559E-9 1.8114 0.01002 
560E-9 1.8108 0.01004 
561E-9 1.812 0.010051 
562E-9 1.8102 0.010072 
563E-9 1.8083 0.010417 
564E-9 1.8078 0.010209 
565E-9 1.8067 0.010123 
566E-9 1.8055 0.010144 
567E-9 1.8041 0.010164 
568E-9 1.8019 0.010585 
569E-9 1.7989 0.010605 
570E-9 1.7989 0.010378 
571E-9 1.799 0.010237 
572E-9 1.7984 0.01025 
573E-9 1.7969 0.010593 
574E-9 1.7952 0.010698 
575E-9 1.7943 0.010719 
576E-9 1.7942 0.01074 
577E-9 1.7947 0.010751 
578E-9 1.7931 0.010771 
579E-9 1.792 0.010792 
580E-9 1.792 0.010813 
581E-9 1.7906 0.01083 
582E-9 1.7887 0.01085 
583E-9 1.7871 0.010865 
584E-9 1.7866 0.010886 
585E-9 1.787 0.010907 
586E-9 1.7866 0.01092 
587E-9 1.7855 0.01094 
588E-9 1.7832 0.010959 
589E-9 1.7819 0.01098 
590E-9 1.7809 0.011421 
591E-9 1.7802 0.011012 
592E-9 1.7791 0.011033 
593E-9 1.7777 0.011053 
594E-9 1.7766 0.011074 
595E-9 1.776 0.01109 
596E-9 1.7762 0.011536 
597E-9 1.7747 0.011557 
598E-9 1.7732 0.011578 
599E-9 1.7727 0.011599 
600E-9 1.7704 0.01161 
601E-9 1.7673 0.011631 
602E-9 1.7674 0.011652 
603E-9 1.7671 0.011673 
604E-9 1.7664 0.01169 
605E-9 1.7643 0.01171 
606E-9 1.7625 0.01173 
607E-9 1.7618 0.011317 
608E-9 1.7607 0.011768 
609E-9 1.7592 0.01135 
610E-9 1.7572 0.011371 
611E-9 1.7561 0.01139 
612E-9 1.756 0.01141 
613E-9 1.7545 0.011424 
614E-9 1.7539 0.011679 
615E-9 1.7552 0.011467 
616E-9 1.7532 0.011832 
617E-9 1.7507 0.01194 
618E-9 1.7532 0.01196 
619E-9 1.753 0.011982 
620E-9 1.7506 0.012003 
621E-9 1.7481 0.01202 
622E-9 1.7458 0.01204 
623E-9 1.7439 0.01206 
624E-9 1.7439 0.012078 
625E-9 1.7441 0.012099 
626E-9 1.7423 0.01212 
627E-9 1.7403 0.01214 
628E-9 1.738 0.012153 
629E-9 1.7373 0.011725 
630E-9 1.7367 0.011746 
631E-9 1.7364 0.01176 
632E-9 1.736 0.01178 
633E-9 1.7355 0.012236 
634E-9 1.7352 0.0122 
635E-9 1.7342 0.012293 
636E-9 1.733 0.01231 
637E-9 1.7314 0.011876 
638E-9 1.7293 0.01189 
639E-9 1.7267 0.01191 
640E-9 1.7245 0.011931 
641E-9 1.7232 0.01195 
642E-9 1.7241 0.011964 
643E-9 1.7234 0.011985 
644E-9 1.722 0.012007 
645E-9 1.72 0.01202 
646E-9 1.7195 0.01204 
647E-9 1.7203 0.01206 
648E-9 1.7172 0.012543 
649E-9 1.715 0.012095 
650E-9 1.7151 0.011808 
651E-9 1.7149 0.011668 
652E-9 1.7142 0.01169 
653E-9 1.712 0.011702 
654E-9 1.711 0.012032 
655E-9 1.7109 0.011967 
656E-9 1.7102 0.011757 
657E-9 1.7094 0.012188 
658E-9 1.7084 0.012231 
659E-9 1.7052 0.012282 
660E-9 1.7025 0.012304 
661E-9 1.7031 0.01232 
662E-9 1.7033 0.011868 
663E-9 1.7034 0.01188 
664E-9 1.7013 0.011902 
665E-9 1.7001 0.01192 
666E-9 1.6998 0.012199 
667E-9 1.6984 0.011957 
668E-9 1.6972 0.01197 
669E-9 1.6969 0.012411 
670E-9 1.6958 0.01249 
671E-9 1.6946 0.012505 
672E-9 1.6946 0.012186 
673E-9 1.6936 0.01206 
674E-9 1.6914 0.012498 
675E-9 1.6906 0.0121 
676E-9 1.6892 0.012115 
677E-9 1.6868 0.011647 
678E-9 1.6862 0.011669 
679E-9 1.686 0.011682 
680E-9 1.6856 0.01219 
681E-9 1.684 0.012206 
682E-9 1.6815 0.01222 
683E-9 1.6806 0.01175 
684E-9 1.6802 0.01177 
685E-9 1.6808 0.011785 
686E-9 1.6794 0.0118 
687E-9 1.6773 0.01182 
688E-9 1.6742 0.012331 
689E-9 1.6727 0.011854 
690E-9 1.672 0.011376 
691E-9 1.6715 0.01139 
692E-9 1.6707 0.011411 
693E-9 1.6697 0.011923 
694E-9 1.6687 0.01194 
695E-9 1.6673 0.012458 
696E-9 1.6646 0.01247 
697E-9 1.6632 0.011992 
698E-9 1.6624 0.01201 
699E-9 1.662 0.011527 
700E-9 1.6615 0.01154 
701E-9 1.6611 0.01156 
702E-9 1.6606 0.011575 
703E-9 1.6602 0.01159 
704E-9 1.66 0.011116 
705E-9 1.6579 0.011235 
706E-9 1.6559 0.01164 
707E-9 1.6567 0.011657 
708E-9 1.6551 0.01167 
709E-9 1.6521 0.01169 
710E-9 1.6512 0.0112 
711E-9 1.6506 0.011218 
712E-9 1.6501 0.01174 
713E-9 1.6492 0.01176 
714E-9 1.6481 0.01126 
715E-9 1.6466 0.011279 
716E-9 1.6462 0.01078 
717E-9 1.6461 0.01131 
718E-9 1.6442 0.01081 
719E-9 1.6427 0.01082 
720E-9 1.6414 0.01084 
721E-9 1.6409 0.011118 
722E-9 1.6396 0.011388 
723E-9 1.6366 0.011401 
724E-9 1.6346 0.01142 
725E-9 1.6328 0.01109 
726E-9 1.631 0.01093 
727E-9 1.6311 0.01147 
728E-9 1.6328 0.012005 
729E-9 1.6325 0.01202 
730E-9 1.6317 0.011511 
731E-9 1.6302 0.01153 
732E-9 1.6286 0.01102 
733E-9 1.6273 0.01104 
734E-9 1.6266 0.010697 
735E-9 1.6247 0.011066 
736E-9 1.6224 0.01108 
737E-9 1.6216 0.011093 
738E-9 1.6204 0.01111 
739E-9 1.6188 0.010599 
740E-9 1.6164 0.01114 
741E-9 1.6149 0.011155 
742E-9 1.6156 0.01117 
743E-9 1.6156 0.01119 
744E-9 1.6152 0.0112 
745E-9 1.6147 0.011218 
746E-9 1.6134 0.011231 
747E-9 1.6115 0.010962 
748E-9 1.6106 0.010836 
749E-9 1.6093 0.01128 
750E-9 1.6074 0.01129 
751E-9 1.6062 0.011308 
752E-9 1.6055 0.010782 
753E-9 1.606 0.010795 
754E-9 1.6047 0.01081 
755E-9 1.6026 0.010822 
756E-9 1.6022 0.01084 
757E-9 1.602 0.01085 
758E-9 1.6019 0.01087 
759E-9 1.598 0.01088 
760E-9 1.5945 0.010899 
761E-9 1.5927 0.01091 
762E-9 1.5921 0.010927 
763E-9 1.5915 0.01094 
764E-9 1.5894 0.010752 
765E-9 1.5885 0.01042 
766E-9 1.5885 0.010376 
767E-9 1.5868 0.0099 
768E-9 1.5857 0.00991 
769E-9 1.5853 0.010472 
770E-9 1.5848 0.01049 
771E-9 1.5842 0.01105 
772E-9 1.5839 0.01107 
773E-9 1.5819 0.01108 
774E-9 1.5791 0.010541 
775E-9 1.5778 0.01 
776E-9 1.5762 0.01001 
777E-9 1.5744 0.01003 
778E-9 1.5733 0.01004 
779E-9 1.5731 0.010051 
780E-9 1.5747 0.010065 
781E-9 1.5756 0.01008 
782E-9 1.5755 0.01009 
783E-9 1.5717 0.010667 
784E-9 1.5682 0.010718 
785E-9 1.565 0.011255 
786E-9 1.5665 0.01127 
787E-9 1.5655 0.01072 
788E-9 1.5616 0.01017 
789E-9 1.5598 0.00962 
790E-9 1.5591 0.00963 
791E-9 1.5601 0.00964 
792E-9 1.5594 0.00965 
793E-9 1.5579 0.010112 
794E-9 1.5554 0.010679 
795E-9 1.5548 0.01026 
796E-9 1.5556 0.0097 
797E-9 1.5556 0.00857 
798E-9 1.5545 0.0091303 
799E-9 1.5518 0.00881 
800E-9 1.5489 0.00965 
