lambda n k
210E-9 1.635797 0.392422 
211E-9 1.647252 0.395698 
212E-9 1.657141 0.396732 
213E-9 1.665435 0.396714 
214E-9 1.672666 0.396596 
215E-9 1.679882 0.39653 
216E-9 1.687499 0.395928 
217E-9 1.695443 0.394291 
218E-9 1.703306 0.391257 
219E-9 1.710511 0.386943 
220E-9 1.716819 0.3817 
221E-9 1.722159 0.375826 
222E-9 1.726555 0.369576 
223E-9 1.730078 0.363126 
224E-9 1.732796 0.356612 
225E-9 1.734791 0.35016 
226E-9 1.736182 0.343873 
227E-9 1.737108 0.337775 
228E-9 1.73765 0.331846 
229E-9 1.737855 0.326074 
230E-9 1.737756 0.32045 
231E-9 1.737368 0.314994 
232E-9 1.73674 0.309746 
233E-9 1.735955 0.30474 
234E-9 1.735143 0.300001 
235E-9 1.734552 0.29545 
236E-9 1.734316 0.290762 
237E-9 1.734354 0.285606 
238E-9 1.734453 0.279692 
239E-9 1.734209 0.272789 
240E-9 1.733066 0.265014 
241E-9 1.730742 0.256718 
242E-9 1.727115 0.248217 
243E-9 1.722135 0.2398 
244E-9 1.715801 0.231744 
245E-9 1.708155 0.224323 
246E-9 1.699299 0.217808 
247E-9 1.689388 0.212458 
248E-9 1.678657 0.208521 
249E-9 1.667491 0.206172 
250E-9 1.656273 0.205322 
251E-9 1.645215 0.205824 
252E-9 1.634456 0.207541 
253E-9 1.624082 0.210342 
254E-9 1.614107 0.214125 
255E-9 1.604532 0.218894 
256E-9 1.595435 0.224685 
257E-9 1.586938 0.231524 
258E-9 1.579205 0.239425 
259E-9 1.572476 0.248376 
260E-9 1.567058 0.258193 
261E-9 1.563105 0.26857 
262E-9 1.56067 0.279212 
263E-9 1.559739 0.289843 
264E-9 1.560246 0.300207 
265E-9 1.562076 0.310076 
266E-9 1.565086 0.319272 
267E-9 1.569121 0.327638 
268E-9 1.574007 0.335039 
269E-9 1.579541 0.341363 
270E-9 1.585479 0.346518 
271E-9 1.591498 0.35052 
272E-9 1.597367 0.353538 
273E-9 1.602965 0.355734 
274E-9 1.608218 0.357255 
275E-9 1.613083 0.358231 
276E-9 1.617542 0.358783 
277E-9 1.621598 0.359012 
278E-9 1.625261 0.359001 
279E-9 1.628546 0.358823 
280E-9 1.63147 0.358549 
281E-9 1.63406 0.358242 
282E-9 1.63635 0.357962 
283E-9 1.638384 0.35776 
284E-9 1.640213 0.35767 
285E-9 1.641881 0.357722 
286E-9 1.643439 0.357941 
287E-9 1.644939 0.35835 
288E-9 1.646449 0.358968 
289E-9 1.648056 0.359806 
290E-9 1.649892 0.360822 
291E-9 1.652031 0.361888 
292E-9 1.654478 0.362883 
293E-9 1.657208 0.363698 
294E-9 1.660163 0.364237 
295E-9 1.663257 0.364415 
296E-9 1.666357 0.364163 
297E-9 1.669257 0.363511 
298E-9 1.671845 0.362609 
299E-9 1.674092 0.3616 
300E-9 1.676014 0.360609 
301E-9 1.677659 0.359751 
302E-9 1.67911 0.359128 
303E-9 1.680494 0.358825 
304E-9 1.682024 0.358866 
305E-9 1.683874 0.359104 
306E-9 1.686098 0.359377 
307E-9 1.688697 0.359542 
308E-9 1.691638 0.359469 
309E-9 1.694855 0.35904 
310E-9 1.698252 0.358153 
311E-9 1.701679 0.356722 
312E-9 1.704924 0.35476 
313E-9 1.70786 0.352383 
314E-9 1.710428 0.349701 
315E-9 1.712596 0.346812 
316E-9 1.714357 0.343804 
317E-9 1.715715 0.340761 
318E-9 1.716692 0.337757 
319E-9 1.717327 0.334862 
320E-9 1.717679 0.332121 
321E-9 1.717795 0.32955 
322E-9 1.71771 0.327166 
323E-9 1.717457 0.324981 
324E-9 1.71707 0.323012 
325E-9 1.716582 0.321272 
326E-9 1.716034 0.319772 
327E-9 1.715471 0.318524 
328E-9 1.714957 0.317527 
329E-9 1.714556 0.316743 
330E-9 1.714298 0.316122 
331E-9 1.714204 0.315621 
332E-9 1.71428 0.315198 
333E-9 1.714532 0.314814 
334E-9 1.714954 0.314432 
335E-9 1.71554 0.314018 
336E-9 1.716274 0.313539 
337E-9 1.717136 0.31297 
338E-9 1.718101 0.312294 
339E-9 1.71915 0.311501 
340E-9 1.720269 0.31058 
341E-9 1.721438 0.30952 
342E-9 1.72264 0.308312 
343E-9 1.723855 0.306947 
344E-9 1.725062 0.305416 
345E-9 1.726235 0.303714 
346E-9 1.72734 0.301835 
347E-9 1.728335 0.299794 
348E-9 1.729196 0.297621 
349E-9 1.729908 0.295345 
350E-9 1.730466 0.29299 
351E-9 1.730866 0.290582 
352E-9 1.731111 0.288143 
353E-9 1.731205 0.285695 
354E-9 1.731157 0.283256 
355E-9 1.73098 0.280847 
356E-9 1.730696 0.278483 
357E-9 1.730333 0.276162 
358E-9 1.729908 0.273873 
359E-9 1.729427 0.271601 
360E-9 1.728892 0.269337 
361E-9 1.728303 0.267069 
362E-9 1.727656 0.264787 
363E-9 1.726943 0.262484 
364E-9 1.726153 0.260151 
365E-9 1.725273 0.257781 
366E-9 1.72428 0.255367 
367E-9 1.723137 0.252913 
368E-9 1.721812 0.250452 
369E-9 1.720293 0.248024 
370E-9 1.718581 0.245665 
371E-9 1.716682 0.24341 
372E-9 1.714609 0.241292 
373E-9 1.712381 0.239342 
374E-9 1.710021 0.23759 
375E-9 1.707562 0.236064 
376E-9 1.705042 0.23479 
377E-9 1.702513 0.233791 
378E-9 1.70005 0.233083 
379E-9 1.697743 0.232624 
380E-9 1.695636 0.232351 
381E-9 1.693754 0.232202 
382E-9 1.692106 0.232121 
383E-9 1.690693 0.232054 
384E-9 1.689507 0.231948 
385E-9 1.688533 0.231756 
386E-9 1.687747 0.231429 
387E-9 1.687119 0.230924 
388E-9 1.686606 0.230201 
389E-9 1.686155 0.229221 
390E-9 1.685685 0.227959 
391E-9 1.685107 0.226442 
392E-9 1.684375 0.224721 
393E-9 1.683457 0.222838 
394E-9 1.682336 0.220835 
395E-9 1.681 0.218752 
396E-9 1.679443 0.216625 
397E-9 1.677667 0.214491 
398E-9 1.675677 0.212383 
399E-9 1.673481 0.210333 
400E-9 1.671096 0.208374 
401E-9 1.668544 0.206534 
402E-9 1.665855 0.204841 
403E-9 1.66308 0.20331 
404E-9 1.660259 0.201925 
405E-9 1.657417 0.200664 
406E-9 1.654569 0.199511 
407E-9 1.651724 0.198445 
408E-9 1.648889 0.197452 
409E-9 1.646066 0.196515 
410E-9 1.643257 0.195617 
411E-9 1.640459 0.194746 
412E-9 1.637667 0.193885 
413E-9 1.634875 0.193022 
414E-9 1.632072 0.192143 
415E-9 1.629244 0.191237 
416E-9 1.62637 0.190293 
417E-9 1.62342 0.189315 
418E-9 1.620378 0.188317 
419E-9 1.617233 0.187315 
420E-9 1.613977 0.18632 
421E-9 1.610608 0.185348 
422E-9 1.60712 0.184409 
423E-9 1.603514 0.183516 
424E-9 1.599791 0.182681 
425E-9 1.595951 0.181915 
426E-9 1.591998 0.181229 
427E-9 1.587935 0.180634 
428E-9 1.583769 0.18014 
429E-9 1.579506 0.179757 
430E-9 1.575156 0.179495 
431E-9 1.570735 0.179361 
432E-9 1.566254 0.179352 
433E-9 1.561723 0.179467 
434E-9 1.557148 0.179702 
435E-9 1.552534 0.180055 
436E-9 1.547885 0.180524 
437E-9 1.543205 0.181106 
438E-9 1.538496 0.181799 
439E-9 1.533762 0.182601 
440E-9 1.529003 0.183511 
441E-9 1.52422 0.184527 
442E-9 1.519415 0.185647 
443E-9 1.514587 0.186869 
444E-9 1.509735 0.188192 
445E-9 1.504858 0.189615 
446E-9 1.499951 0.191137 
447E-9 1.495008 0.192762 
448E-9 1.490024 0.194498 
449E-9 1.485001 0.196355 
450E-9 1.47994 0.198339 
451E-9 1.474845 0.200458 
452E-9 1.469718 0.20272 
453E-9 1.464566 0.205132 
454E-9 1.459395 0.207701 
455E-9 1.454211 0.210433 
456E-9 1.449022 0.213335 
457E-9 1.443837 0.216414 
458E-9 1.438666 0.219674 
459E-9 1.433521 0.223122 
460E-9 1.428414 0.226762 
461E-9 1.423362 0.230599 
462E-9 1.41838 0.234636 
463E-9 1.413496 0.238874 
464E-9 1.408733 0.2433 
465E-9 1.40411 0.247895 
466E-9 1.399636 0.252642 
467E-9 1.39532 0.257524 
468E-9 1.391168 0.262523 
469E-9 1.387182 0.267623 
470E-9 1.383365 0.272809 
471E-9 1.379717 0.278063 
472E-9 1.376235 0.283371 
473E-9 1.372918 0.288718 
474E-9 1.369761 0.294091 
475E-9 1.366757 0.299474 
476E-9 1.363901 0.304856 
477E-9 1.361182 0.310224 
478E-9 1.358591 0.315566 
479E-9 1.356115 0.320871 
480E-9 1.353738 0.326131 
481E-9 1.351441 0.331336 
482E-9 1.349202 0.336493 
483E-9 1.347006 0.34161 
484E-9 1.344845 0.346695 
485E-9 1.342711 0.351755 
486E-9 1.340598 0.356798 
487E-9 1.3385 0.361829 
488E-9 1.336416 0.366855 
489E-9 1.334341 0.371884 
490E-9 1.332272 0.37692 
491E-9 1.330209 0.381969 
492E-9 1.32815 0.387037 
493E-9 1.326093 0.392129 
494E-9 1.324039 0.39725 
495E-9 1.321986 0.402406 
496E-9 1.319936 0.4076 
497E-9 1.317887 0.412839 
498E-9 1.31584 0.418126 
499E-9 1.313795 0.423466 
500E-9 1.31175 0.428864 
501E-9 1.309704 0.434327 
502E-9 1.307657 0.439867 
503E-9 1.305613 0.445493 
504E-9 1.303579 0.451215 
505E-9 1.301562 0.457042 
506E-9 1.299572 0.462981 
507E-9 1.297619 0.46904 
508E-9 1.295716 0.475222 
509E-9 1.293877 0.481534 
510E-9 1.292117 0.487978 
511E-9 1.290459 0.494554 
512E-9 1.288924 0.501249 
513E-9 1.287524 0.508047 
514E-9 1.286265 0.514933 
515E-9 1.285152 0.521894 
516E-9 1.284188 0.528917 
517E-9 1.283374 0.535989 
518E-9 1.28271 0.543099 
519E-9 1.282195 0.550237 
520E-9 1.281825 0.557391 
521E-9 1.281598 0.564554 
522E-9 1.281509 0.571715 
523E-9 1.281553 0.578869 
524E-9 1.281725 0.586009 
525E-9 1.282019 0.59313 
526E-9 1.282432 0.600226 
527E-9 1.282957 0.607292 
528E-9 1.283588 0.614324 
529E-9 1.284317 0.621317 
530E-9 1.285139 0.628269 
531E-9 1.286045 0.635177 
532E-9 1.287025 0.642038 
533E-9 1.288068 0.648855 
534E-9 1.289164 0.655633 
535E-9 1.290307 0.662381 
536E-9 1.291495 0.669106 
537E-9 1.292727 0.675814 
538E-9 1.294003 0.68251 
539E-9 1.295322 0.689198 
540E-9 1.296686 0.695885 
541E-9 1.298097 0.702573 
542E-9 1.299557 0.709265 
543E-9 1.301068 0.715965 
544E-9 1.302635 0.722675 
545E-9 1.304261 0.729395 
546E-9 1.30595 0.736125 
547E-9 1.307705 0.742864 
548E-9 1.309525 0.749609 
549E-9 1.311414 0.75636 
550E-9 1.313372 0.763116 
551E-9 1.3154 0.769877 
552E-9 1.317499 0.77664 
553E-9 1.31967 0.783406 
554E-9 1.321914 0.790174 
555E-9 1.324231 0.796941 
556E-9 1.326623 0.803709 
557E-9 1.329091 0.810474 
558E-9 1.331634 0.817237 
559E-9 1.334255 0.823995 
560E-9 1.336953 0.830748 
561E-9 1.339728 0.837493 
562E-9 1.342581 0.844231 
563E-9 1.345512 0.850958 
564E-9 1.348522 0.857676 
565E-9 1.351611 0.864381 
566E-9 1.354779 0.871073 
567E-9 1.358027 0.877751 
568E-9 1.361355 0.884413 
569E-9 1.364763 0.891057 
570E-9 1.368253 0.897683 
571E-9 1.371824 0.904289 
572E-9 1.375477 0.910872 
573E-9 1.379211 0.91743 
574E-9 1.383026 0.923962 
575E-9 1.386923 0.930466 
576E-9 1.390902 0.93694 
577E-9 1.394962 0.943383 
578E-9 1.399104 0.949792 
579E-9 1.403328 0.956167 
580E-9 1.407635 0.962504 
581E-9 1.412026 0.968801 
582E-9 1.416503 0.975056 
583E-9 1.42107 0.981264 
584E-9 1.42573 0.987414 
585E-9 1.430478 0.993495 
586E-9 1.43531 0.9995 
587E-9 1.440216 1.00542 
588E-9 1.44519 1.011249 
589E-9 1.450221 1.016983 
590E-9 1.455301 1.022617 
591E-9 1.460417 1.028148 
592E-9 1.46556 1.033576 
593E-9 1.470715 1.038898 
594E-9 1.475869 1.044115 
595E-9 1.481007 1.049229 
596E-9 1.486112 1.054244 
597E-9 1.49116 1.05917 
598E-9 1.496131 1.064031 
599E-9 1.501021 1.068853 
600E-9 1.50583 1.073659 
601E-9 1.510561 1.078468 
602E-9 1.51522 1.083297 
603E-9 1.519812 1.088162 
604E-9 1.524347 1.093077 
605E-9 1.528833 1.098055 
606E-9 1.53328 1.103108 
607E-9 1.537697 1.108245 
608E-9 1.542096 1.113476 
609E-9 1.546489 1.118809 
610E-9 1.550888 1.124252 
611E-9 1.555304 1.129812 
612E-9 1.559751 1.135493 
613E-9 1.564241 1.141302 
614E-9 1.568791 1.147243 
615E-9 1.573413 1.153318 
616E-9 1.578124 1.15953 
617E-9 1.58294 1.165881 
618E-9 1.587875 1.172369 
619E-9 1.592948 1.178996 
620E-9 1.598176 1.185758 
621E-9 1.603577 1.192654 
622E-9 1.609169 1.199677 
623E-9 1.614973 1.206824 
624E-9 1.62101 1.214086 
625E-9 1.627302 1.221455 
626E-9 1.633876 1.228918 
627E-9 1.640764 1.236458 
628E-9 1.647996 1.244037 
629E-9 1.655583 1.251609 
630E-9 1.663524 1.259137 
631E-9 1.671815 1.266587 
632E-9 1.680449 1.27393 
633E-9 1.689415 1.281139 
634E-9 1.698704 1.28819 
635E-9 1.708303 1.295059 
636E-9 1.718201 1.301728 
637E-9 1.728384 1.308179 
638E-9 1.738839 1.314392 
639E-9 1.749553 1.320354 
640E-9 1.760513 1.326049 
641E-9 1.771708 1.331464 
642E-9 1.783126 1.336585 
643E-9 1.794759 1.341397 
644E-9 1.806603 1.345878 
645E-9 1.81864 1.349998 
646E-9 1.830845 1.353733 
647E-9 1.84319 1.357061 
648E-9 1.855646 1.359965 
649E-9 1.86818 1.362433 
650E-9 1.880759 1.36445 
651E-9 1.893349 1.366009 
652E-9 1.905914 1.367102 
653E-9 1.918416 1.367724 
654E-9 1.930817 1.367872 
655E-9 1.943075 1.367545 
656E-9 1.955147 1.366744 
657E-9 1.966986 1.365475 
658E-9 1.978538 1.363744 
659E-9 1.989747 1.361565 
660E-9 2.000542 1.358956 
661E-9 2.010833 1.355969 
662E-9 2.020566 1.352704 
663E-9 2.029727 1.349249 
664E-9 2.038313 1.34568 
665E-9 2.046332 1.342065 
666E-9 2.053796 1.338466 
667E-9 2.060719 1.334941 
668E-9 2.067122 1.331542 
669E-9 2.073028 1.32832 
670E-9 2.078461 1.325321 
671E-9 2.083451 1.322587 
672E-9 2.088027 1.320161 
673E-9 2.092223 1.318081 
674E-9 2.096076 1.316381 
675E-9 2.099622 1.315096 
676E-9 2.102905 1.314256 
677E-9 2.105969 1.313887 
678E-9 2.108864 1.314014 
679E-9 2.111646 1.314652 
680E-9 2.114367 1.315799 
681E-9 2.117069 1.317453 
682E-9 2.119789 1.319615 
683E-9 2.122567 1.322284 
684E-9 2.125439 1.325459 
685E-9 2.128444 1.329137 
686E-9 2.131618 1.333317 
687E-9 2.135001 1.337994 
688E-9 2.138631 1.343163 
689E-9 2.142547 1.348816 
690E-9 2.146789 1.354946 
691E-9 2.151399 1.361542 
692E-9 2.156418 1.36859 
693E-9 2.16189 1.376079 
694E-9 2.16786 1.383989 
695E-9 2.174376 1.392301 
696E-9 2.181489 1.400991 
697E-9 2.189255 1.410031 
698E-9 2.197745 1.419373 
699E-9 2.207013 1.428935 
700E-9 2.217078 1.438636 
701E-9 2.227948 1.448404 
702E-9 2.239623 1.458175 
703E-9 2.252099 1.467889 
704E-9 2.265367 1.477491 
705E-9 2.279416 1.48693 
706E-9 2.294234 1.496161 
707E-9 2.309805 1.505139 
708E-9 2.326114 1.513826 
709E-9 2.343145 1.522184 
710E-9 2.360882 1.530178 
711E-9 2.37931 1.537776 
712E-9 2.398414 1.54495 
713E-9 2.418181 1.551669 
714E-9 2.438598 1.557907 
715E-9 2.459659 1.563637 
716E-9 2.481357 1.568833 
717E-9 2.503696 1.573466 
718E-9 2.52669 1.577498 
719E-9 2.550353 1.580855 
720E-9 2.574655 1.583458 
721E-9 2.599556 1.585241 
722E-9 2.625011 1.58615 
723E-9 2.650969 1.586135 
724E-9 2.677376 1.585155 
725E-9 2.704176 1.583172 
726E-9 2.731315 1.580154 
727E-9 2.758734 1.576073 
728E-9 2.786378 1.570903 
729E-9 2.814184 1.564622 
730E-9 2.842099 1.557212 
731E-9 2.870056 1.548655 
732E-9 2.897999 1.538936 
733E-9 2.92586 1.528044 
734E-9 2.953577 1.515967 
735E-9 2.981078 1.502698 
736E-9 3.008292 1.488228 
737E-9 3.03514 1.472555 
738E-9 3.061533 1.455676 
739E-9 3.087363 1.437599 
740E-9 3.112495 1.418377 
741E-9 3.136842 1.398117 
742E-9 3.160366 1.376908 
743E-9 3.183033 1.35483 
744E-9 3.204823 1.331953 
745E-9 3.225723 1.308342 
746E-9 3.24572 1.284053 
747E-9 3.264808 1.259138 
748E-9 3.28298 1.233646 
749E-9 3.300232 1.207621 
750E-9 3.31656 1.181107 
751E-9 3.33196 1.154142 
752E-9 3.346433 1.126761 
753E-9 3.359974 1.099001 
754E-9 3.372581 1.070891 
755E-9 3.384254 1.042463 
756E-9 3.394985 1.013746 
757E-9 3.404773 0.98477 
758E-9 3.413611 0.955558 
759E-9 3.421493 0.926135 
760E-9 3.428407 0.896527 
761E-9 3.43434 0.866758 
762E-9 3.439266 0.836853 
763E-9 3.443154 0.806855 
764E-9 3.445989 0.776825 
765E-9 3.447766 0.746817 
766E-9 3.448486 0.716882 
767E-9 3.448152 0.687071 
768E-9 3.446771 0.657437 
769E-9 3.444351 0.628023 
770E-9 3.440903 0.59888 
771E-9 3.436439 0.570056 
772E-9 3.430972 0.541595 
773E-9 3.424517 0.513546 
774E-9 3.417094 0.485956 
775E-9 3.408719 0.458871 
776E-9 3.399415 0.43234 
777E-9 3.389205 0.406411 
778E-9 3.378115 0.381135 
779E-9 3.366176 0.356561 
780E-9 3.353421 0.332742 
781E-9 3.339887 0.309729 
782E-9 3.325619 0.287578 
783E-9 3.310667 0.266345 
784E-9 3.295091 0.246088 
785E-9 3.278967 0.226867 
786E-9 3.262392 0.208741 
787E-9 3.245513 0.191735 
788E-9 3.228445 0.175805 
789E-9 3.211268 0.160908 
790E-9 3.194049 0.147004 
791E-9 3.176844 0.134052 
792E-9 3.159703 0.122013 
793E-9 3.14267 0.110849 
794E-9 3.125786 0.100523 
795E-9 3.109085 0.090997 
796E-9 3.092602 0.082234 
797E-9 3.076366 0.074197 
798E-9 3.060405 0.066848 
799E-9 3.044743 0.060152 
800E-9 3.029401 0.054069 
801E-9 3.014401 0.048564 
802E-9 2.999759 0.043597 
803E-9 2.985489 0.03913 
804E-9 2.971604 0.035126 
805E-9 2.958114 0.031545 
806E-9 2.945025 0.028347 
807E-9 2.93234 0.025494 
808E-9 2.920059 0.022946 
809E-9 2.90818 0.020663 
810E-9 2.896695 0.018604 
811E-9 2.885588 0.016729 
812E-9 2.874834 0.014999 
813E-9 2.864394 0.013392 
814E-9 2.854242 0.011903 
815E-9 2.844358 0.010528 
816E-9 2.834732 0.009262 
817E-9 2.825348 0.008102 
818E-9 2.816199 0.007043 
819E-9 2.807276 0.00608 
820E-9 2.798571 0.005209 
821E-9 2.790079 0.004426 
822E-9 2.781792 0.003725 
823E-9 2.773706 0.003103 
824E-9 2.765815 0.002554 
825E-9 2.758116 0.002074 
826E-9 2.750602 0.001659 
827E-9 2.743269 0.001303 
828E-9 2.736115 0.001002 
829E-9 2.729134 0.000752 
830E-9 2.722322 0.000547 
831E-9 2.715675 0.000384 
832E-9 2.70919 0.000256 
833E-9 2.702863 0.000161 
834E-9 2.696689 0.000093 
835E-9 2.690663 0.000047 
836E-9 2.684782 0.00002 
837E-9 2.67904 0.000006 
838E-9 2.673432 0.000001 
839E-9 2.667953 0 
840E-9 2.662595 0 
841E-9 2.65735 0 
842E-9 2.652212 0 
843E-9 2.647176 0 
844E-9 2.642239 0 
845E-9 2.637396 0 
846E-9 2.632644 0 
847E-9 2.62798 0 
848E-9 2.623399 0 
849E-9 2.6189 0 
850E-9 2.614479 0 
851E-9 2.610135 0 
852E-9 2.605864 0 
853E-9 2.601664 0 
854E-9 2.597533 0 
855E-9 2.59347 0 
856E-9 2.589472 0 
857E-9 2.585536 0 
858E-9 2.581662 0 
859E-9 2.577848 0 
860E-9 2.574092 0 
861E-9 2.570393 0 
862E-9 2.566748 0 
863E-9 2.563157 0 
864E-9 2.559618 0 
865E-9 2.55613 0 
866E-9 2.552692 0 
867E-9 2.549302 0 
868E-9 2.545959 0 
869E-9 2.542662 0 
870E-9 2.53941 0 
871E-9 2.536202 0 
872E-9 2.533037 0 
873E-9 2.529913 0 
874E-9 2.526831 0 
875E-9 2.523789 0 
876E-9 2.520785 0 
877E-9 2.517821 0 
878E-9 2.514893 0 
879E-9 2.512002 0 
880E-9 2.509147 0 
881E-9 2.506327 0 
882E-9 2.503541 0 
883E-9 2.500789 0 
884E-9 2.49807 0 
885E-9 2.495383 0 
886E-9 2.492728 0 
887E-9 2.490104 0 
888E-9 2.48751 0 
889E-9 2.484946 0 
890E-9 2.482411 0 
891E-9 2.479906 0 
892E-9 2.477428 0 
893E-9 2.474977 0 
894E-9 2.472554 0 
895E-9 2.470158 0 
896E-9 2.467787 0 
897E-9 2.465442 0 
898E-9 2.463123 0 
899E-9 2.460828 0 
900E-9 2.458557 0 
901E-9 2.45631 0 
902E-9 2.454087 0 
903E-9 2.451886 0 
904E-9 2.449709 0 
905E-9 2.447553 0 
906E-9 2.44542 0 
907E-9 2.443308 0 
908E-9 2.441216 0 
909E-9 2.439147 0 
910E-9 2.437097 0 
911E-9 2.435067 0 
912E-9 2.433057 0 
913E-9 2.431067 0 
914E-9 2.429096 0 
915E-9 2.427143 0 
916E-9 2.42521 0 
917E-9 2.423294 0 
918E-9 2.421396 0 
919E-9 2.419517 0 
920E-9 2.417654 0 
921E-9 2.415809 0 
922E-9 2.41398 0 
923E-9 2.412169 0 
924E-9 2.410373 0 
925E-9 2.408594 0 
926E-9 2.406831 0 
927E-9 2.405083 0 
928E-9 2.403351 0 
929E-9 2.401634 0 
930E-9 2.399933 0 
931E-9 2.398246 0 
932E-9 2.396573 0 
933E-9 2.394915 0 
934E-9 2.393271 0 
935E-9 2.391641 0 
936E-9 2.390025 0 
937E-9 2.388422 0 
938E-9 2.386833 0 
939E-9 2.385257 0 
940E-9 2.383694 0 
941E-9 2.382144 0 
942E-9 2.380606 0 
943E-9 2.379081 0 
944E-9 2.377569 0 
945E-9 2.376068 0 
946E-9 2.37458 0 
947E-9 2.373104 0 
948E-9 2.371639 0 
949E-9 2.370186 0 
950E-9 2.368744 0 
951E-9 2.367313 0 
952E-9 2.365894 0 
953E-9 2.364485 0 
954E-9 2.363088 0 
955E-9 2.361701 0 
956E-9 2.360325 0 
957E-9 2.358959 0 
958E-9 2.357603 0 
959E-9 2.356258 0 
960E-9 2.354922 0 
961E-9 2.353597 0 
962E-9 2.352281 0 
963E-9 2.350976 0 
964E-9 2.349679 0 
965E-9 2.348392 0 
966E-9 2.347115 0 
967E-9 2.345846 0 
968E-9 2.344587 0 
969E-9 2.343337 0 
970E-9 2.342096 0 
971E-9 2.340864 0 
972E-9 2.33964 0 
973E-9 2.338425 0 
974E-9 2.337218 0 
975E-9 2.33602 0 
976E-9 2.334831 0 
977E-9 2.333649 0 
978E-9 2.332475 0 
979E-9 2.33131 0 
980E-9 2.330153 0 
981E-9 2.329003 0 
982E-9 2.327861 0 
983E-9 2.326727 0 
984E-9 2.3256 0 
985E-9 2.324481 0 
986E-9 2.32337 0 
987E-9 2.322265 0 
988E-9 2.321168 0 
989E-9 2.320079 0 
990E-9 2.318996 0 
991E-9 2.31792 0 
992E-9 2.316852 0 
993E-9 2.31579 0 
994E-9 2.314735 0 
995E-9 2.313687 0 
996E-9 2.312645 0 
997E-9 2.31161 0 
998E-9 2.310582 0 
999E-9 2.30956 0 
1000E-9 2.308545 0 
1002.5E-9 2.306034 0 
1005E-9 2.303561 0 
1007.5E-9 2.301126 0 
1010E-9 2.298728 0 
1012.5E-9 2.296366 0 
1015E-9 2.294039 0 
1017.5E-9 2.291746 0 
1020E-9 2.289486 0 
1022.5E-9 2.287259 0 
1025E-9 2.285063 0 
1027.5E-9 2.282898 0 
1030E-9 2.280764 0 
1032.5E-9 2.278659 0 
1035E-9 2.276583 0 
1037.5E-9 2.274536 0 
1040E-9 2.272516 0 
1042.5E-9 2.270522 0 
1045E-9 2.268556 0 
1047.5E-9 2.266615 0 
1050E-9 2.264699 0 
1052.5E-9 2.262809 0 
1055E-9 2.260942 0 
1057.5E-9 2.259099 0 
1060E-9 2.257279 0 
1062.5E-9 2.255482 0 
1065E-9 2.253707 0 
1067.5E-9 2.251954 0 
1070E-9 2.250223 0 
1072.5E-9 2.248512 0 
1075E-9 2.246822 0 
1077.5E-9 2.245151 0 
1080E-9 2.243501 0 
1082.5E-9 2.241869 0 
1085E-9 2.240257 0 
1087.5E-9 2.238663 0 
1090E-9 2.237087 0 
1092.5E-9 2.235529 0 
1095E-9 2.233989 0 
1097.5E-9 2.232465 0 
1100E-9 2.230959 0 
1102.5E-9 2.229469 0 
1105E-9 2.227995 0 
1107.5E-9 2.226537 0 
1110E-9 2.225095 0 
1112.5E-9 2.223668 0 
1115E-9 2.222256 0 
1117.5E-9 2.220859 0 
1120E-9 2.219476 0 
1122.5E-9 2.218108 0 
1125E-9 2.216754 0 
1127.5E-9 2.215413 0 
1130E-9 2.214086 0 
1132.5E-9 2.212772 0 
1135E-9 2.211472 0 
1137.5E-9 2.210184 0 
1140E-9 2.208908 0 
1142.5E-9 2.207645 0 
1145E-9 2.206394 0 
1147.5E-9 2.205156 0 
1150E-9 2.203928 0 
1152.5E-9 2.202713 0 
1155E-9 2.201509 0 
1157.5E-9 2.200316 0 
1160E-9 2.199134 0 
1162.5E-9 2.197963 0 
1165E-9 2.196802 0 
1167.5E-9 2.195652 0 
1170E-9 2.194513 0 
1172.5E-9 2.193383 0 
1175E-9 2.192264 0 
1177.5E-9 2.191154 0 
1180E-9 2.190054 0 
1182.5E-9 2.188963 0 
1185E-9 2.187882 0 
1187.5E-9 2.18681 0 
1190E-9 2.185748 0 
1192.5E-9 2.184694 0 
1195E-9 2.183649 0 
1197.5E-9 2.182612 0 
1200E-9 2.181584 0 
1202.5E-9 2.180565 0 
1205E-9 2.179554 0 
1207.5E-9 2.17855 0 
1210E-9 2.177555 0 
1212.5E-9 2.176568 0 
1215E-9 2.175589 0 
1217.5E-9 2.174617 0 
1220E-9 2.173653 0 
1222.5E-9 2.172697 0 
1225E-9 2.171747 0 
1227.5E-9 2.170805 0 
1230E-9 2.16987 0 
1232.5E-9 2.168942 0 
1235E-9 2.168021 0 
1237.5E-9 2.167107 0 
1240E-9 2.1662 0 
1242.5E-9 2.165299 0 
1245E-9 2.164405 0 
1247.5E-9 2.163517 0 
1250E-9 2.162636 0 
1252.5E-9 2.161761 0 
1255E-9 2.160892 0 
1257.5E-9 2.160029 0 
1260E-9 2.159173 0 
1262.5E-9 2.158322 0 
1265E-9 2.157477 0 
1267.5E-9 2.156638 0 
1270E-9 2.155804 0 
1272.5E-9 2.154977 0 
1275E-9 2.154154 0 
1277.5E-9 2.153337 0 
1280E-9 2.152526 0 
1282.5E-9 2.15172 0 
1285E-9 2.150919 0 
1287.5E-9 2.150123 0 
1290E-9 2.149333 0 
1292.5E-9 2.148547 0 
1295E-9 2.147767 0 
1297.5E-9 2.146991 0 
1300E-9 2.14622 0 
1302.5E-9 2.145454 0 
1305E-9 2.144693 0 
1307.5E-9 2.143936 0 
1310E-9 2.143184 0 
1312.5E-9 2.142437 0 
1315E-9 2.141694 0 
1317.5E-9 2.140956 0 
1320E-9 2.140221 0 
1322.5E-9 2.139492 0 
1325E-9 2.138766 0 
1327.5E-9 2.138045 0 
1330E-9 2.137328 0 
1332.5E-9 2.136615 0 
1335E-9 2.135906 0 
1337.5E-9 2.135201 0 
1340E-9 2.134499 0 
1342.5E-9 2.133802 0 
1345E-9 2.133109 0 
1347.5E-9 2.132419 0 
1350E-9 2.131734 0 
1352.5E-9 2.131052 0 
1355E-9 2.130373 0 
1357.5E-9 2.129699 0 
1360E-9 2.129027 0 
1362.5E-9 2.12836 0 
1365E-9 2.127696 0 
1367.5E-9 2.127035 0 
1370E-9 2.126378 0 
1372.5E-9 2.125724 0 
1375E-9 2.125073 0 
1377.5E-9 2.124426 0 
1380E-9 2.123782 0 
1382.5E-9 2.123142 0 
1385E-9 2.122504 0 
1387.5E-9 2.121869 0 
1390E-9 2.121238 0 
1392.5E-9 2.12061 0 
1395E-9 2.119984 0 
1397.5E-9 2.119362 0 
1400E-9 2.118743 0 
1402.5E-9 2.118126 0 
1405E-9 2.117513 0 
1407.5E-9 2.116902 0 
1410E-9 2.116294 0 
1412.5E-9 2.115689 0 
1415E-9 2.115087 0 
1417.5E-9 2.114487 0 
1420E-9 2.11389 0 
1422.5E-9 2.113296 0 
1425E-9 2.112705 0 
1427.5E-9 2.112115 0 
1430E-9 2.111529 0 
1432.5E-9 2.110945 0 
1435E-9 2.110364 0 
1437.5E-9 2.109785 0 
1440E-9 2.109208 0 
1442.5E-9 2.108634 0 
1445E-9 2.108063 0 
1447.5E-9 2.107493 0 
1450E-9 2.106927 0 
1452.5E-9 2.106362 0 
1455E-9 2.1058 0 
1457.5E-9 2.10524 0 
1460E-9 2.104682 0 
1462.5E-9 2.104126 0 
1465E-9 2.103573 0 
1467.5E-9 2.103022 0 
1470E-9 2.102473 0 
1472.5E-9 2.101926 0 
1475E-9 2.101381 0 
1477.5E-9 2.100838 0 
1480E-9 2.100297 0 
1482.5E-9 2.099759 0 
1485E-9 2.099222 0 
1487.5E-9 2.098687 0 
1490E-9 2.098155 0 
1492.5E-9 2.097624 0 
1495E-9 2.097095 0 
1497.5E-9 2.096568 0 
1500E-9 2.096043 0 
1502.5E-9 2.09552 0 
1505E-9 2.094998 0 
1507.5E-9 2.094479 0 
1510E-9 2.093961 0 
1512.5E-9 2.093445 0 
1515E-9 2.092931 0 
1517.5E-9 2.092418 0 
1520E-9 2.091907 0 
1522.5E-9 2.091398 0 
1525E-9 2.090891 0 
1527.5E-9 2.090385 0 
1530E-9 2.089881 0 
1532.5E-9 2.089378 0 
1535E-9 2.088877 0 
1537.5E-9 2.088378 0 
1540E-9 2.087881 0 
1542.5E-9 2.087384 0 
1545E-9 2.08689 0 
1547.5E-9 2.086397 0 
1550E-9 2.085905 0 
1552.5E-9 2.085415 0 
1555E-9 2.084926 0 
1557.5E-9 2.084439 0 
1560E-9 2.083954 0 
1562.5E-9 2.083469 0 
1565E-9 2.082986 0 
1567.5E-9 2.082505 0 
1570E-9 2.082025 0 
1572.5E-9 2.081546 0 
1575E-9 2.081069 0 
1577.5E-9 2.080593 0 
1580E-9 2.080118 0 
1582.5E-9 2.079645 0 
1585E-9 2.079173 0 
1587.5E-9 2.078702 0 
1590E-9 2.078232 0 
1592.5E-9 2.077764 0 
1595E-9 2.077297 0 
1597.5E-9 2.076831 0 
1600E-9 2.076367 0 
1602.5E-9 2.075903 0 
1605E-9 2.075441 0 
1607.5E-9 2.07498 0 
1610E-9 2.07452 0 
1612.5E-9 2.074062 0 
1615E-9 2.073604 0 
1617.5E-9 2.073148 0 
1620E-9 2.072692 0 
1622.5E-9 2.072238 0 
1625E-9 2.071785 0 
1627.5E-9 2.071333 0 
1630E-9 2.070882 0 
1632.5E-9 2.070432 0 
1635E-9 2.069983 0 
1637.5E-9 2.069535 0 
1640E-9 2.069088 0 
1642.5E-9 2.068643 0 
1645E-9 2.068198 0 
1647.5E-9 2.067754 0 
1650E-9 2.067311 0 
1652.5E-9 2.066869 0 
1655E-9 2.066428 0 
1657.5E-9 2.065989 0 
1660E-9 2.06555 0 
1662.5E-9 2.065112 0 
1665E-9 2.064674 0 
1667.5E-9 2.064238 0 
1670E-9 2.063803 0 
1672.5E-9 2.063368 0 
1675E-9 2.062935 0 
1677.5E-9 2.062502 0 
1680E-9 2.06207 0 
1682.5E-9 2.061639 0 
1685E-9 2.061209 0 
1687.5E-9 2.06078 0 
1690E-9 2.060351 0 
