lambda n k
300E-9 1.65172 0.16719 
301E-9 1.65159 0.1641 
302E-9 1.6512 0.16027 
303E-9 1.65066 0.15612 
304E-9 1.64987 0.15147 
305E-9 1.64875 0.14632 
306E-9 1.64745 0.14094 
307E-9 1.64582 0.13521 
308E-9 1.64404 0.12938 
309E-9 1.64216 0.12348 
310E-9 1.64026 0.11772 
311E-9 1.63842 0.11214 
312E-9 1.63665 0.10682 
313E-9 1.63502 0.10206 
314E-9 1.63345 0.09762 
315E-9 1.63203 0.09386 
316E-9 1.63073 0.0906 
317E-9 1.62952 0.08766 
318E-9 1.6285 0.08534 
319E-9 1.62758 0.08325 
320E-9 1.62677 0.08145 
321E-9 1.62617 0.08004 
322E-9 1.62566 0.07879 
323E-9 1.62533 0.07784 
324E-9 1.62514 0.07708 
325E-9 1.62503 0.07644 
326E-9 1.62508 0.07598 
327E-9 1.62521 0.07559 
328E-9 1.62541 0.07525 
329E-9 1.62577 0.07498 
330E-9 1.62621 0.07474 
331E-9 1.62681 0.07453 
332E-9 1.62753 0.07434 
333E-9 1.6283 0.07417 
334E-9 1.6291 0.074 
335E-9 1.62985 0.07384 
336E-9 1.63054 0.07368 
337E-9 1.63113 0.07351 
338E-9 1.63171 0.07332 
339E-9 1.63232 0.07311 
340E-9 1.63303 0.07287 
341E-9 1.63381 0.07261 
342E-9 1.63471 0.0723 
343E-9 1.63562 0.07197 
344E-9 1.63655 0.07163 
345E-9 1.6374 0.07126 
346E-9 1.6382 0.0709 
347E-9 1.63892 0.07055 
348E-9 1.63951 0.07023 
349E-9 1.64004 0.06995 
350E-9 1.64043 0.06976 
351E-9 1.64071 0.06964 
352E-9 1.64092 0.06959 
353E-9 1.64096 0.06969 
354E-9 1.64094 0.06986 
355E-9 1.64082 0.07015 
356E-9 1.64063 0.07059 
357E-9 1.64042 0.07112 
358E-9 1.64024 0.07182 
359E-9 1.64017 0.07266 
360E-9 1.64016 0.0736 
361E-9 1.6404 0.07474 
362E-9 1.64074 0.0759 
363E-9 1.64122 0.07709 
364E-9 1.64185 0.07818 
365E-9 1.64255 0.07918 
366E-9 1.64336 0.07997 
367E-9 1.64419 0.08058 
368E-9 1.64503 0.08108 
369E-9 1.64577 0.08138 
370E-9 1.6464 0.08162 
371E-9 1.64691 0.08178 
372E-9 1.64717 0.08187 
373E-9 1.64733 0.08194 
374E-9 1.64734 0.08198 
375E-9 1.64726 0.08203 
376E-9 1.64712 0.08209 
377E-9 1.64693 0.08219 
378E-9 1.64673 0.08232 
379E-9 1.64652 0.08248 
380E-9 1.64634 0.08269 
381E-9 1.64619 0.08291 
382E-9 1.64607 0.08317 
383E-9 1.64603 0.08344 
384E-9 1.64601 0.08372 
385E-9 1.64606 0.08399 
386E-9 1.64612 0.08424 
387E-9 1.6462 0.08448 
388E-9 1.6463 0.08464 
389E-9 1.64639 0.08477 
390E-9 1.64646 0.08483 
391E-9 1.64651 0.08482 
392E-9 1.64654 0.08478 
393E-9 1.64651 0.08464 
394E-9 1.64644 0.08446 
395E-9 1.64632 0.08422 
396E-9 1.6461 0.08391 
397E-9 1.64584 0.08356 
398E-9 1.64549 0.08317 
399E-9 1.64504 0.08274 
400E-9 1.64453 0.08229 
401E-9 1.64388 0.08183 
402E-9 1.64315 0.08135 
403E-9 1.64236 0.08088 
404E-9 1.64144 0.08041 
405E-9 1.64048 0.07996 
406E-9 1.63946 0.07953 
407E-9 1.63839 0.07913 
408E-9 1.6373 0.07876 
409E-9 1.63617 0.07844 
410E-9 1.63501 0.07815 
411E-9 1.63384 0.07789 
412E-9 1.63263 0.07769 
413E-9 1.63141 0.07751 
414E-9 1.63016 0.07736 
415E-9 1.62889 0.07726 
416E-9 1.62761 0.07718 
417E-9 1.62631 0.07714 
418E-9 1.625 0.07711 
419E-9 1.62369 0.0771 
420E-9 1.62237 0.07712 
421E-9 1.62105 0.07715 
422E-9 1.61973 0.07719 
423E-9 1.61842 0.07725 
424E-9 1.6171 0.07731 
425E-9 1.61577 0.07739 
426E-9 1.61441 0.07748 
427E-9 1.61304 0.07759 
428E-9 1.61163 0.07771 
429E-9 1.61018 0.07785 
430E-9 1.6087 0.07801 
431E-9 1.60718 0.07818 
432E-9 1.60563 0.07837 
433E-9 1.60407 0.07856 
434E-9 1.60249 0.07875 
435E-9 1.60091 0.07894 
436E-9 1.59933 0.07913 
437E-9 1.59776 0.07932 
438E-9 1.5962 0.07949 
439E-9 1.59465 0.07966 
440E-9 1.59309 0.07982 
441E-9 1.59153 0.07998 
442E-9 1.58997 0.08012 
443E-9 1.58839 0.08026 
444E-9 1.58678 0.0804 
445E-9 1.58516 0.08053 
446E-9 1.58351 0.08066 
447E-9 1.58181 0.08079 
448E-9 1.58009 0.08091 
449E-9 1.57832 0.08105 
450E-9 1.57648 0.08119 
451E-9 1.57462 0.08133 
452E-9 1.57267 0.08149 
453E-9 1.57066 0.08166 
454E-9 1.56861 0.08184 
455E-9 1.56647 0.08205 
456E-9 1.56431 0.08227 
457E-9 1.56211 0.0825 
458E-9 1.55989 0.08277 
459E-9 1.55765 0.08304 
460E-9 1.5554 0.08335 
461E-9 1.55316 0.08368 
462E-9 1.55091 0.08403 
463E-9 1.54867 0.08442 
464E-9 1.54642 0.08483 
465E-9 1.54416 0.08527 
466E-9 1.54185 0.08574 
467E-9 1.53952 0.08623 
468E-9 1.53713 0.08676 
469E-9 1.53468 0.08732 
470E-9 1.53219 0.0879 
471E-9 1.5296 0.08853 
472E-9 1.52697 0.08918 
473E-9 1.52429 0.08985 
474E-9 1.52158 0.09056 
475E-9 1.51886 0.09127 
476E-9 1.51613 0.09202 
477E-9 1.51342 0.09278 
478E-9 1.51071 0.09355 
479E-9 1.50807 0.09434 
480E-9 1.50545 0.09514 
481E-9 1.50286 0.09594 
482E-9 1.50031 0.09677 
483E-9 1.49776 0.0976 
484E-9 1.49522 0.09845 
485E-9 1.49266 0.09932 
486E-9 1.49009 0.10019 
487E-9 1.48747 0.10109 
488E-9 1.48481 0.102 
489E-9 1.48211 0.10292 
490E-9 1.47933 0.10387 
491E-9 1.47652 0.10482 
492E-9 1.47366 0.10579 
493E-9 1.47076 0.10677 
494E-9 1.46785 0.10775 
495E-9 1.4649 0.10874 
496E-9 1.46194 0.10973 
497E-9 1.45898 0.11073 
498E-9 1.45601 0.11171 
499E-9 1.45305 0.1127 
500E-9 1.45009 0.11368 
501E-9 1.44713 0.11466 
502E-9 1.44417 0.11565 
503E-9 1.44118 0.11666 
504E-9 1.43817 0.11768 
505E-9 1.43514 0.11872 
506E-9 1.43205 0.1198 
507E-9 1.42894 0.1209 
508E-9 1.42577 0.12204 
509E-9 1.42254 0.12323 
510E-9 1.41927 0.12445 
511E-9 1.41591 0.12573 
512E-9 1.41251 0.12706 
513E-9 1.40906 0.12842 
514E-9 1.40551 0.12987 
515E-9 1.40192 0.13136 
516E-9 1.39828 0.1329 
517E-9 1.39455 0.13452 
518E-9 1.39078 0.13618 
519E-9 1.38694 0.13793 
520E-9 1.38304 0.13974 
521E-9 1.37909 0.14159 
522E-9 1.37507 0.14355 
523E-9 1.37101 0.14556 
524E-9 1.36691 0.14762 
525E-9 1.36276 0.14979 
526E-9 1.35859 0.152 
527E-9 1.35439 0.15429 
528E-9 1.35017 0.15666 
529E-9 1.34594 0.15908 
530E-9 1.34169 0.1616 
531E-9 1.33744 0.16418 
532E-9 1.33319 0.16682 
533E-9 1.32892 0.16956 
534E-9 1.32466 0.17236 
535E-9 1.32038 0.17523 
536E-9 1.31608 0.17819 
537E-9 1.31178 0.18121 
538E-9 1.30745 0.18433 
539E-9 1.3031 0.18751 
540E-9 1.29873 0.19076 
541E-9 1.29433 0.19413 
542E-9 1.28991 0.19755 
543E-9 1.28545 0.20106 
544E-9 1.28096 0.20467 
545E-9 1.27645 0.20834 
546E-9 1.2719 0.21216 
547E-9 1.26731 0.21607 
548E-9 1.26271 0.22007 
549E-9 1.25805 0.22426 
550E-9 1.25338 0.22853 
551E-9 1.24867 0.23295 
552E-9 1.24393 0.23755 
553E-9 1.23916 0.24225 
554E-9 1.23436 0.24717 
555E-9 1.22954 0.25224 
556E-9 1.22469 0.25743 
557E-9 1.2198 0.2629 
558E-9 1.21488 0.26849 
559E-9 1.20993 0.27426 
560E-9 1.20492 0.28028 
561E-9 1.19988 0.28643 
562E-9 1.19478 0.29283 
563E-9 1.18963 0.29944 
564E-9 1.18444 0.30618 
565E-9 1.17917 0.31326 
566E-9 1.17386 0.32049 
567E-9 1.1685 0.32792 
568E-9 1.16306 0.33566 
569E-9 1.15759 0.34356 
570E-9 1.15208 0.35176 
571E-9 1.14657 0.36024 
572E-9 1.14106 0.36889 
573E-9 1.1356 0.37797 
574E-9 1.13018 0.38727 
575E-9 1.12481 0.39682 
576E-9 1.11958 0.40682 
577E-9 1.11444 0.41702 
578E-9 1.10944 0.42757 
579E-9 1.10462 0.4385 
580E-9 1.09993 0.44963 
581E-9 1.09552 0.46122 
582E-9 1.09131 0.47308 
583E-9 1.08727 0.48517 
584E-9 1.08365 0.49769 
585E-9 1.08023 0.51037 
586E-9 1.07713 0.5233 
587E-9 1.07444 0.53649 
588E-9 1.07197 0.5498 
589E-9 1.06998 0.56334 
590E-9 1.06834 0.57699 
591E-9 1.06696 0.59074 
592E-9 1.0662 0.60463 
593E-9 1.0657 0.61855 
594E-9 1.06559 0.63253 
595E-9 1.06601 0.64653 
596E-9 1.0667 0.66054 
597E-9 1.06788 0.67453 
598E-9 1.06943 0.68852 
599E-9 1.07122 0.7025 
600E-9 1.07354 0.71644 
601E-9 1.07609 0.73036 
602E-9 1.07891 0.74426 
603E-9 1.08214 0.75813 
604E-9 1.08555 0.77197 
605E-9 1.08927 0.78577 
606E-9 1.09326 0.79954 
607E-9 1.09741 0.81329 
608E-9 1.10188 0.82699 
609E-9 1.10652 0.84067 
610E-9 1.11132 0.85432 
611E-9 1.11641 0.86792 
612E-9 1.12165 0.88149 
613E-9 1.12715 0.89501 
614E-9 1.13295 0.90847 
615E-9 1.13892 0.92188 
616E-9 1.1453 0.93519 
617E-9 1.15195 0.94843 
618E-9 1.15883 0.96161 
619E-9 1.16621 0.97465 
620E-9 1.17382 0.98763 
621E-9 1.18178 1.0005 
622E-9 1.1902 1.01323 
623E-9 1.19885 1.02588 
624E-9 1.208 1.03839 
625E-9 1.21752 1.05077 
626E-9 1.22729 1.06307 
627E-9 1.23766 1.07512 
628E-9 1.24826 1.08703 
629E-9 1.25919 1.09876 
630E-9 1.27054 1.11015 
631E-9 1.2821 1.12137 
632E-9 1.29402 1.13224 
633E-9 1.30623 1.14278 
634E-9 1.31862 1.1531 
635E-9 1.33139 1.1629 
636E-9 1.34435 1.17241 
637E-9 1.3575 1.18159 
638E-9 1.37097 1.19022 
639E-9 1.38458 1.19856 
640E-9 1.39843 1.20643 
641E-9 1.41249 1.2138 
642E-9 1.42668 1.22087 
643E-9 1.4411 1.22731 
644E-9 1.4556 1.23339 
645E-9 1.47018 1.23913 
646E-9 1.48481 1.24423 
647E-9 1.49944 1.24907 
648E-9 1.51403 1.25347 
649E-9 1.52854 1.25738 
650E-9 1.54298 1.26103 
651E-9 1.55725 1.26416 
652E-9 1.57136 1.26692 
653E-9 1.58536 1.26942 
654E-9 1.59901 1.27131 
655E-9 1.61249 1.27295 
656E-9 1.62573 1.27423 
657E-9 1.63859 1.275 
658E-9 1.65125 1.27553 
659E-9 1.6635 1.27558 
660E-9 1.67541 1.27529 
661E-9 1.68709 1.27477 
662E-9 1.69829 1.27386 
663E-9 1.70926 1.2728 
664E-9 1.71996 1.27157 
665E-9 1.73023 1.27018 
666E-9 1.74032 1.26874 
667E-9 1.75007 1.26724 
668E-9 1.7595 1.26575 
669E-9 1.76875 1.26429 
670E-9 1.77759 1.26293 
671E-9 1.78621 1.26168 
672E-9 1.79461 1.26053 
673E-9 1.80259 1.25966 
674E-9 1.8104 1.25895 
675E-9 1.81792 1.2585 
676E-9 1.82511 1.2584 
677E-9 1.83213 1.25852 
678E-9 1.8388 1.25907 
679E-9 1.84529 1.25995 
680E-9 1.85165 1.26105 
681E-9 1.85782 1.26269 
682E-9 1.86395 1.26456 
683E-9 1.87004 1.26674 
684E-9 1.87615 1.26937 
685E-9 1.88229 1.27222 
686E-9 1.88853 1.27548 
687E-9 1.89492 1.27908 
688E-9 1.90142 1.2829 
689E-9 1.90821 1.28722 
690E-9 1.9152 1.29178 
691E-9 1.92241 1.29662 
692E-9 1.93006 1.30192 
693E-9 1.93795 1.30743 
694E-9 1.94623 1.3133 
695E-9 1.95498 1.31953 
696E-9 1.964 1.32596 
697E-9 1.97365 1.33281 
698E-9 1.98373 1.33983 
699E-9 1.99417 1.347 
700E-9 2.00541 1.35433 
701E-9 2.01702 1.36168 
702E-9 2.02919 1.36903 
703E-9 2.0421 1.37628 
704E-9 2.05541 1.38345 
705E-9 2.06951 1.39041 
706E-9 2.08424 1.39713 
707E-9 2.0994 1.40368 
708E-9 2.11559 1.40976 
709E-9 2.13226 1.41557 
710E-9 2.14954 1.42105 
711E-9 2.16778 1.42594 
712E-9 2.1865 1.43052 
713E-9 2.20606 1.43454 
714E-9 2.22643 1.43799 
715E-9 2.2473 1.44109 
716E-9 2.26925 1.44339 
717E-9 2.29179 1.44519 
718E-9 2.3149 1.44653 
719E-9 2.33886 1.44692 
720E-9 2.36312 1.44686 
721E-9 2.38782 1.44607 
722E-9 2.41287 1.44439 
723E-9 2.43807 1.44221 
724E-9 2.46347 1.43901 
725E-9 2.48892 1.43502 
726E-9 2.51439 1.43049 
727E-9 2.53978 1.42457 
728E-9 2.56506 1.41804 
729E-9 2.5902 1.41065 
730E-9 2.61503 1.40198 
731E-9 2.63968 1.39265 
732E-9 2.66397 1.3821 
733E-9 2.68786 1.37042 
734E-9 2.7115 1.35802 
735E-9 2.73452 1.34399 
736E-9 2.75717 1.32903 
737E-9 2.77944 1.31313 
738E-9 2.80097 1.29544 
739E-9 2.82214 1.27698 
740E-9 2.84275 1.25729 
741E-9 2.86269 1.23642 
742E-9 2.88225 1.21492 
743E-9 2.90104 1.19228 
744E-9 2.91925 1.16898 
745E-9 2.93705 1.1452 
746E-9 2.95381 1.12046 
747E-9 2.9701 1.09541 
748E-9 2.98574 1.0699 
749E-9 3.00039 1.0439 
750E-9 3.01452 1.01769 
751E-9 3.02769 0.99113 
752E-9 3.03995 0.96438 
753E-9 3.05164 0.93752 
754E-9 3.06198 0.91049 
755E-9 3.07154 0.88344 
756E-9 3.0803 0.85636 
757E-9 3.08753 0.82934 
758E-9 3.09402 0.80237 
759E-9 3.09931 0.77551 
760E-9 3.10315 0.74883 
761E-9 3.10618 0.72227 
762E-9 3.10757 0.69597 
763E-9 3.10789 0.66987 
764E-9 3.10744 0.64392 
765E-9 3.10533 0.61833 
766E-9 3.10257 0.59292 
767E-9 3.09893 0.56775 
768E-9 3.09413 0.54296 
769E-9 3.08878 0.51838 
770E-9 3.0825 0.49418 
771E-9 3.07547 0.47036 
772E-9 3.06799 0.4468 
773E-9 3.0596 0.42381 
774E-9 3.05077 0.40119 
775E-9 3.04151 0.37892 
776E-9 3.03154 0.35739 
777E-9 3.0213 0.33623 
778E-9 3.01063 0.31564 
779E-9 2.99955 0.29581 
780E-9 2.98827 0.2764 
781E-9 2.97663 0.25787 
782E-9 2.9648 0.24006 
783E-9 2.95282 0.22274 
784E-9 2.94062 0.20669 
785E-9 2.92836 0.19126 
786E-9 2.91602 0.1766 
787E-9 2.90358 0.16311 
788E-9 2.8911 0.15017 
789E-9 2.87856 0.13816 
790E-9 2.86596 0.12699 
791E-9 2.85334 0.11631 
792E-9 2.84067 0.10664 
793E-9 2.82799 0.09753 
794E-9 2.8153 0.08891 
795E-9 2.80262 0.08124 
796E-9 2.78995 0.07394 
797E-9 2.77731 0.06722 
798E-9 2.76473 0.06116 
799E-9 2.75219 0.05543 
800E-9 2.73973 0.0503 
