lambda n k
300E-9 1.73051 0.2112 
301E-9 1.74332 0.22201 
302E-9 1.7563 0.2312 
303E-9 1.76918 0.23952 
304E-9 1.78191 0.2465 
305E-9 1.79412 0.25143 
306E-9 1.806 0.25524 
307E-9 1.81709 0.25671 
308E-9 1.82744 0.25672 
309E-9 1.83728 0.25575 
310E-9 1.84572 0.25323 
311E-9 1.85348 0.25038 
312E-9 1.86031 0.24706 
313E-9 1.86566 0.24367 
314E-9 1.87026 0.24038 
315E-9 1.87337 0.23748 
316E-9 1.87537 0.23494 
317E-9 1.87667 0.23263 
318E-9 1.87662 0.23065 
319E-9 1.87608 0.22876 
320E-9 1.87495 0.22695 
321E-9 1.87315 0.22513 
322E-9 1.87111 0.22325 
323E-9 1.86871 0.22124 
324E-9 1.86611 0.21909 
325E-9 1.86339 0.21688 
326E-9 1.86048 0.21461 
327E-9 1.8575 0.21238 
328E-9 1.85445 0.21021 
329E-9 1.85135 0.20824 
330E-9 1.84823 0.2064 
331E-9 1.84513 0.20482 
332E-9 1.84207 0.20357 
333E-9 1.83906 0.2025 
334E-9 1.83617 0.20176 
335E-9 1.83339 0.20113 
336E-9 1.83072 0.2006 
337E-9 1.82832 0.20013 
338E-9 1.82604 0.19963 
339E-9 1.82401 0.19909 
340E-9 1.82228 0.19838 
341E-9 1.82072 0.19757 
342E-9 1.81954 0.1965 
343E-9 1.81854 0.19527 
344E-9 1.81768 0.19391 
345E-9 1.81702 0.19235 
346E-9 1.81638 0.19071 
347E-9 1.8158 0.18896 
348E-9 1.81517 0.18712 
349E-9 1.8145 0.18524 
350E-9 1.8137 0.18331 
351E-9 1.81274 0.18136 
352E-9 1.81168 0.1794 
353E-9 1.81037 0.17744 
354E-9 1.809 0.17548 
355E-9 1.80751 0.17352 
356E-9 1.80593 0.17159 
357E-9 1.80432 0.16966 
358E-9 1.80266 0.16775 
359E-9 1.801 0.16588 
360E-9 1.79934 0.16402 
361E-9 1.79774 0.16222 
362E-9 1.79616 0.16044 
363E-9 1.79463 0.1587 
364E-9 1.79312 0.15701 
365E-9 1.79162 0.15536 
366E-9 1.79011 0.15375 
367E-9 1.78857 0.15218 
368E-9 1.787 0.15065 
369E-9 1.78534 0.14917 
370E-9 1.78362 0.14773 
371E-9 1.78182 0.14633 
372E-9 1.77988 0.14498 
373E-9 1.77787 0.14367 
374E-9 1.77572 0.1424 
375E-9 1.77352 0.14117 
376E-9 1.77128 0.13998 
377E-9 1.76902 0.13884 
378E-9 1.76679 0.13774 
379E-9 1.7646 0.13667 
380E-9 1.76253 0.13567 
381E-9 1.76054 0.13469 
382E-9 1.75869 0.13375 
383E-9 1.75704 0.13287 
384E-9 1.75551 0.13201 
385E-9 1.75428 0.13121 
386E-9 1.7532 0.13042 
387E-9 1.75227 0.12964 
388E-9 1.75157 0.12885 
389E-9 1.75094 0.12803 
390E-9 1.75045 0.12716 
391E-9 1.75004 0.1262 
392E-9 1.74968 0.1252 
393E-9 1.74939 0.12405 
394E-9 1.74911 0.12279 
395E-9 1.74884 0.12143 
396E-9 1.74854 0.11985 
397E-9 1.74822 0.11816 
398E-9 1.74786 0.11628 
399E-9 1.74743 0.11424 
400E-9 1.74698 0.1121 
401E-9 1.74645 0.10981 
402E-9 1.74588 0.10745 
403E-9 1.74527 0.10503 
404E-9 1.74458 0.10254 
405E-9 1.74386 0.10004 
406E-9 1.74308 0.09751 
407E-9 1.74223 0.09501 
408E-9 1.74134 0.09252 
409E-9 1.74038 0.09008 
410E-9 1.73936 0.0877 
411E-9 1.7383 0.08537 
412E-9 1.73714 0.08317 
413E-9 1.73595 0.08102 
414E-9 1.73471 0.07895 
415E-9 1.7334 0.077 
416E-9 1.73205 0.07509 
417E-9 1.73064 0.0733 
418E-9 1.72919 0.07159 
419E-9 1.72771 0.06994 
420E-9 1.72615 0.06842 
421E-9 1.72458 0.06696 
422E-9 1.72296 0.06559 
423E-9 1.7213 0.06434 
424E-9 1.71961 0.06314 
425E-9 1.71788 0.06205 
426E-9 1.71612 0.06106 
427E-9 1.71435 0.06012 
428E-9 1.71255 0.05931 
429E-9 1.71075 0.05855 
430E-9 1.70895 0.05786 
431E-9 1.70716 0.05727 
432E-9 1.70538 0.05673 
433E-9 1.70362 0.05625 
434E-9 1.7019 0.05585 
435E-9 1.7002 0.05548 
436E-9 1.69855 0.05519 
437E-9 1.69695 0.05495 
438E-9 1.69539 0.05474 
439E-9 1.69391 0.0546 
440E-9 1.69249 0.05448 
441E-9 1.69113 0.05441 
442E-9 1.68986 0.05437 
443E-9 1.68863 0.05435 
444E-9 1.68749 0.05433 
445E-9 1.6864 0.05431 
446E-9 1.68535 0.05428 
447E-9 1.68439 0.05422 
448E-9 1.68345 0.05413 
449E-9 1.68256 0.05399 
450E-9 1.68172 0.05379 
451E-9 1.68091 0.05354 
452E-9 1.68015 0.0532 
453E-9 1.67941 0.05278 
454E-9 1.6787 0.05229 
455E-9 1.67803 0.05166 
456E-9 1.67737 0.05095 
457E-9 1.67674 0.05012 
458E-9 1.67613 0.04915 
459E-9 1.67552 0.0481 
460E-9 1.67491 0.04692 
461E-9 1.67429 0.04567 
462E-9 1.67367 0.04435 
463E-9 1.67299 0.04294 
464E-9 1.67229 0.04148 
465E-9 1.67154 0.03999 
466E-9 1.67073 0.03844 
467E-9 1.66987 0.03688 
468E-9 1.66892 0.0353 
469E-9 1.66789 0.03371 
470E-9 1.66681 0.03212 
471E-9 1.66557 0.03055 
472E-9 1.66427 0.02899 
473E-9 1.66286 0.02746 
474E-9 1.6613 0.02597 
475E-9 1.65966 0.02451 
476E-9 1.65786 0.02312 
477E-9 1.65597 0.02178 
478E-9 1.65401 0.02049 
479E-9 1.65198 0.0193 
480E-9 1.64993 0.01818 
481E-9 1.64786 0.01714 
482E-9 1.64582 0.01623 
483E-9 1.64381 0.01539 
484E-9 1.64187 0.01467 
485E-9 1.64002 0.01409 
486E-9 1.63824 0.01359 
487E-9 1.63663 0.01328 
488E-9 1.63515 0.01308 
489E-9 1.63379 0.013 
490E-9 1.63271 0.01314 
491E-9 1.63176 0.01338 
492E-9 1.63105 0.0138 
493E-9 1.63063 0.01441 
494E-9 1.63037 0.01513 
495E-9 1.63049 0.01611 
496E-9 1.63082 0.01723 
497E-9 1.63135 0.01847 
498E-9 1.6322 0.01996 
499E-9 1.63317 0.02155 
500E-9 1.63434 0.02329 
501E-9 1.63567 0.02519 
502E-9 1.63708 0.02718 
503E-9 1.63865 0.02935 
504E-9 1.64028 0.03162 
505E-9 1.64196 0.03396 
506E-9 1.64371 0.03648 
507E-9 1.64547 0.03906 
508E-9 1.64724 0.04173 
509E-9 1.64899 0.04452 
510E-9 1.65072 0.04736 
511E-9 1.65239 0.05031 
512E-9 1.654 0.05333 
513E-9 1.65555 0.0564 
514E-9 1.65695 0.05957 
515E-9 1.65827 0.06279 
516E-9 1.65948 0.06606 
517E-9 1.66055 0.06941 
518E-9 1.66157 0.07281 
519E-9 1.66254 0.0763 
520E-9 1.66351 0.07986 
521E-9 1.66449 0.08347 
522E-9 1.66559 0.08721 
523E-9 1.66676 0.09101 
524E-9 1.66805 0.09488 
525E-9 1.66957 0.09888 
526E-9 1.67123 0.10294 
527E-9 1.67315 0.10711 
528E-9 1.67537 0.11138 
529E-9 1.67776 0.11571 
530E-9 1.68063 0.12018 
531E-9 1.68377 0.12471 
532E-9 1.68721 0.12933 
533E-9 1.69121 0.13407 
534E-9 1.69549 0.13887 
535E-9 1.70027 0.14377 
536E-9 1.70556 0.14877 
537E-9 1.71117 0.15381 
538E-9 1.71749 0.15897 
539E-9 1.72422 0.1642 
540E-9 1.73134 0.1695 
541E-9 1.73903 0.17503 
542E-9 1.74692 0.18072 
543E-9 1.7551 0.18666 
544E-9 1.76345 0.19299 
545E-9 1.77189 0.19954 
546E-9 1.78039 0.20664 
547E-9 1.78884 0.21416 
548E-9 1.79727 0.22202 
549E-9 1.80548 0.2307 
550E-9 1.81356 0.23978 
551E-9 1.82142 0.24947 
552E-9 1.82893 0.25999 
553E-9 1.83624 0.27097 
554E-9 1.8431 0.28291 
555E-9 1.84958 0.2956 
556E-9 1.8558 0.30881 
557E-9 1.86133 0.32338 
558E-9 1.86654 0.33857 
559E-9 1.87131 0.35462 
560E-9 1.87542 0.37195 
561E-9 1.87921 0.38995 
562E-9 1.88237 0.40924 
563E-9 1.885 0.42965 
564E-9 1.8873 0.45079 
565E-9 1.88885 0.47365 
566E-9 1.89012 0.49727 
567E-9 1.89104 0.5218 
568E-9 1.89154 0.54765 
569E-9 1.89187 0.57407 
570E-9 1.89193 0.60151 
571E-9 1.89183 0.62978 
572E-9 1.89164 0.65855 
573E-9 1.89133 0.6883 
574E-9 1.891 0.71851 
575E-9 1.89066 0.7492 
576E-9 1.89034 0.78059 
577E-9 1.89007 0.81226 
578E-9 1.88986 0.84437 
579E-9 1.88977 0.87683 
580E-9 1.88974 0.90947 
581E-9 1.88988 0.94243 
582E-9 1.89013 0.9755 
583E-9 1.89047 1.00868 
584E-9 1.89103 1.04195 
585E-9 1.89167 1.07522 
586E-9 1.89245 1.10848 
587E-9 1.89339 1.14164 
588E-9 1.89441 1.17473 
589E-9 1.89559 1.20764 
590E-9 1.89686 1.24037 
591E-9 1.8982 1.27297 
592E-9 1.89969 1.30517 
593E-9 1.90125 1.33712 
594E-9 1.90292 1.3687 
595E-9 1.90478 1.39961 
596E-9 1.90674 1.43014 
597E-9 1.90891 1.45984 
598E-9 1.91125 1.48878 
599E-9 1.9137 1.5172 
600E-9 1.91643 1.54425 
601E-9 1.91928 1.5706 
602E-9 1.92228 1.59608 
603E-9 1.92551 1.62008 
604E-9 1.92886 1.64333 
605E-9 1.93239 1.66521 
606E-9 1.9361 1.68575 
607E-9 1.9399 1.70545 
608E-9 1.94393 1.72322 
609E-9 1.94808 1.73988 
610E-9 1.95235 1.75542 
611E-9 1.95683 1.76884 
612E-9 1.96142 1.78126 
613E-9 1.96616 1.79201 
614E-9 1.97109 1.80091 
615E-9 1.97613 1.80875 
616E-9 1.9814 1.8143 
617E-9 1.98682 1.81835 
618E-9 1.99239 1.82114 
619E-9 1.99827 1.82121 
620E-9 2.00431 1.82008 
621E-9 2.0106 1.81706 
622E-9 2.01722 1.81171 
623E-9 2.02405 1.80517 
624E-9 2.0313 1.79641 
625E-9 2.03891 1.78632 
626E-9 2.04677 1.77532 
627E-9 2.05529 1.76257 
628E-9 2.06412 1.7493 
629E-9 2.07338 1.73528 
630E-9 2.08329 1.72058 
631E-9 2.09353 1.70565 
632E-9 2.10439 1.69045 
633E-9 2.11578 1.67531 
634E-9 2.1275 1.66022 
635E-9 2.14 1.64562 
636E-9 2.15286 1.63147 
637E-9 2.16614 1.61781 
638E-9 2.18007 1.60533 
639E-9 2.19428 1.59351 
640E-9 2.20896 1.58292 
641E-9 2.22405 1.57378 
642E-9 2.23938 1.56554 
643E-9 2.25515 1.55944 
644E-9 2.27113 1.55476 
645E-9 2.28731 1.55137 
646E-9 2.30379 1.55076 
647E-9 2.32037 1.55147 
648E-9 2.33711 1.55429 
649E-9 2.35398 1.5597 
650E-9 2.37091 1.56656 
651E-9 2.38793 1.57642 
652E-9 2.405 1.58847 
653E-9 2.42211 1.6021 
654E-9 2.43929 1.61958 
655E-9 2.45649 1.63869 
656E-9 2.47374 1.66017 
657E-9 2.49106 1.6846 
658E-9 2.50841 1.71035 
659E-9 2.52582 1.73834 
660E-9 2.54326 1.76772 
661E-9 2.56073 1.79796 
662E-9 2.57823 1.82966 
663E-9 2.59573 1.8618 
664E-9 2.61322 1.89443 
665E-9 2.63067 1.92741 
666E-9 2.64808 1.96041 
667E-9 2.66541 1.99334 
668E-9 2.68261 2.02589 
669E-9 2.69973 2.05818 
670E-9 2.71662 2.08961 
671E-9 2.73333 2.12036 
672E-9 2.74989 2.15048 
673E-9 2.76605 2.17905 
674E-9 2.78202 2.20683 
675E-9 2.79766 2.23334 
676E-9 2.81287 2.25813 
677E-9 2.82782 2.28196 
678E-9 2.84225 2.30371 
679E-9 2.85625 2.32384 
680E-9 2.86996 2.34283 
681E-9 2.88289 2.35882 
682E-9 2.89547 2.37349 
683E-9 2.90757 2.38625 
684E-9 2.91893 2.39616 
685E-9 2.92991 2.40458 
686E-9 2.94019 2.4102 
687E-9 2.94985 2.41326 
688E-9 2.95911 2.41469 
689E-9 2.96746 2.41224 
690E-9 2.97533 2.40768 
691E-9 2.98269 2.40082 
692E-9 2.98919 2.38981 
693E-9 2.99529 2.3768 
694E-9 3.00075 2.36039 
695E-9 3.0056 2.34058 
696E-9 3.01013 2.31887 
697E-9 3.01405 2.29334 
698E-9 3.01767 2.2656 
699E-9 3.02103 2.236 
700E-9 3.02399 2.20279 
701E-9 3.02683 2.16812 
702E-9 3.0295 2.13128 
703E-9 3.03207 2.09192 
704E-9 3.03461 2.05131 
705E-9 3.03716 2.00838 
706E-9 3.0398 1.96385 
707E-9 3.04251 1.91825 
708E-9 3.04549 1.87041 
709E-9 3.04866 1.82168 
710E-9 3.05204 1.77185 
711E-9 3.05587 1.72058 
712E-9 3.05993 1.6687 
713E-9 3.06443 1.61585 
714E-9 3.06939 1.56232 
715E-9 3.07463 1.50841 
716E-9 3.0805 1.45392 
717E-9 3.08675 1.39929 
718E-9 3.09334 1.34453 
719E-9 3.10057 1.28985 
720E-9 3.10807 1.23533 
721E-9 3.11598 1.18111 
722E-9 3.12428 1.1275 
723E-9 3.13278 1.07429 
724E-9 3.14161 1.02203 
725E-9 3.15056 0.97064 
726E-9 3.1596 0.91986 
727E-9 3.16866 0.87084 
728E-9 3.17764 0.82269 
729E-9 3.1865 0.77572 
730E-9 3.195 0.73066 
731E-9 3.20326 0.68662 
732E-9 3.211 0.64445 
733E-9 3.2181 0.60409 
734E-9 3.2248 0.56487 
735E-9 3.23039 0.52828 
736E-9 3.23529 0.49317 
737E-9 3.23948 0.45953 
738E-9 3.24235 0.42843 
739E-9 3.24462 0.39842 
740E-9 3.24594 0.37014 
741E-9 3.24619 0.34367 
742E-9 3.24585 0.31817 
743E-9 3.24435 0.29454 
744E-9 3.24206 0.27213 
745E-9 3.23921 0.25059 
746E-9 3.23506 0.23099 
747E-9 3.23039 0.21215 
748E-9 3.225 0.19437 
749E-9 3.21862 0.17799 
750E-9 3.21176 0.16229 
751E-9 3.20406 0.14777 
752E-9 3.19566 0.13423 
753E-9 3.18684 0.1213 
754E-9 3.17711 0.10963 
755E-9 3.16694 0.09859 
756E-9 3.15631 0.08819 
757E-9 3.14494 0.07888 
758E-9 3.13324 0.07003 
759E-9 3.12105 0.06193 
760E-9 3.10836 0.0546 
761E-9 3.09541 0.04768 
762E-9 3.08197 0.04155 
763E-9 3.06825 0.03593 
764E-9 3.05432 0.03068 
765E-9 3.03998 0.02624 
766E-9 3.0255 0.0221 
767E-9 3.01084 0.01839 
768E-9 2.99598 0.01525 
769E-9 2.98105 0.01236 
770E-9 2.96601 0.00992 
771E-9 2.95093 0.00785 
772E-9 2.93585 0.00599 
773E-9 2.9208 0.00456 
774E-9 2.90582 0.00333 
775E-9 2.89091 0.00231 
776E-9 2.87621 0.00159 
777E-9 2.86164 9.96605E-4 
778E-9 2.84729 5.78611E-4 
779E-9 2.83326 3.16197E-4 
780E-9 2.81943 1.26478E-4 
781E-9 2.80603 4.80586E-5 
782E-9 2.793 1.05065E-5 
783E-9 2.78023 0 
784E-9 2.76815 0 
785E-9 2.75638 0 
786E-9 2.74499 0 
787E-9 2.73419 0 
788E-9 2.72367 0 
789E-9 2.71361 0 
790E-9 2.704 0 
791E-9 2.69465 0 
792E-9 2.68583 0 
793E-9 2.67733 0 
794E-9 2.6691 0 
795E-9 2.66141 0 
796E-9 2.65394 0 
797E-9 2.64681 0 
798E-9 2.64008 0 
799E-9 2.63356 0 
800E-9 2.62742 0 
