lambda n k
300E-9 1.51181 0.12989 
301E-9 1.50863 0.13137 
302E-9 1.50531 0.1329 
303E-9 1.50198 0.13449 
304E-9 1.49864 0.13615 
305E-9 1.49543 0.138 
306E-9 1.49228 0.13993 
307E-9 1.48924 0.14203 
308E-9 1.48625 0.14422 
309E-9 1.48329 0.14645 
310E-9 1.4804 0.14873 
311E-9 1.47755 0.151 
312E-9 1.47478 0.15325 
313E-9 1.47217 0.15544 
314E-9 1.46964 0.15768 
315E-9 1.46732 0.16008 
316E-9 1.46519 0.16284 
317E-9 1.4632 0.16583 
318E-9 1.46149 0.16932 
319E-9 1.45986 0.17285 
320E-9 1.45834 0.17643 
321E-9 1.4569 0.17979 
322E-9 1.45548 0.1831 
323E-9 1.45412 0.18638 
324E-9 1.45282 0.18992 
325E-9 1.45155 0.19362 
326E-9 1.45046 0.19776 
327E-9 1.44959 0.20181 
328E-9 1.44895 0.20577 
329E-9 1.44892 0.209 
330E-9 1.44915 0.21193 
331E-9 1.44982 0.21434 
332E-9 1.45066 0.21681 
333E-9 1.45157 0.21937 
334E-9 1.45242 0.22261 
335E-9 1.45324 0.22609 
336E-9 1.45405 0.22979 
337E-9 1.45498 0.23314 
338E-9 1.45601 0.23612 
339E-9 1.45722 0.23842 
340E-9 1.4585 0.24018 
341E-9 1.45978 0.24174 
342E-9 1.46092 0.24322 
343E-9 1.46187 0.24488 
344E-9 1.46267 0.24672 
345E-9 1.46324 0.24851 
346E-9 1.46379 0.25007 
347E-9 1.46431 0.25119 
348E-9 1.46493 0.25147 
349E-9 1.46557 0.25138 
350E-9 1.46621 0.25076 
351E-9 1.46672 0.25021 
352E-9 1.46715 0.24972 
353E-9 1.46723 0.24999 
354E-9 1.46721 0.25052 
355E-9 1.46704 0.25142 
356E-9 1.46686 0.25238 
357E-9 1.46673 0.25327 
358E-9 1.46677 0.25383 
359E-9 1.46694 0.25413 
360E-9 1.46718 0.25425 
361E-9 1.46742 0.25432 
362E-9 1.46758 0.25451 
363E-9 1.46762 0.25488 
364E-9 1.46734 0.25574 
365E-9 1.46686 0.25687 
366E-9 1.46595 0.25856 
367E-9 1.46459 0.26078 
368E-9 1.46294 0.26336 
369E-9 1.46055 0.26683 
370E-9 1.45804 0.27071 
371E-9 1.45538 0.27509 
372E-9 1.45309 0.28014 
373E-9 1.45114 0.28549 
374E-9 1.45 0.29135 
375E-9 1.44979 0.29751 
376E-9 1.45012 0.30384 
377E-9 1.45157 0.31029 
378E-9 1.45348 0.31665 
379E-9 1.45591 0.32291 
380E-9 1.45901 0.32876 
381E-9 1.46235 0.33442 
382E-9 1.46611 0.33973 
383E-9 1.47014 0.34478 
384E-9 1.47434 0.34968 
385E-9 1.47877 0.35432 
386E-9 1.48328 0.35885 
387E-9 1.48787 0.36326 
388E-9 1.49257 0.36743 
389E-9 1.49733 0.37148 
390E-9 1.50218 0.37531 
391E-9 1.50712 0.37887 
392E-9 1.5121 0.38227 
393E-9 1.51722 0.3853 
394E-9 1.52247 0.38805 
395E-9 1.52782 0.39057 
396E-9 1.53348 0.39255 
397E-9 1.53929 0.39427 
398E-9 1.54537 0.39557 
399E-9 1.55172 0.39638 
400E-9 1.55817 0.39695 
401E-9 1.56469 0.39707 
402E-9 1.57109 0.39695 
403E-9 1.57739 0.39665 
404E-9 1.58322 0.39604 
405E-9 1.5888 0.39534 
406E-9 1.59401 0.3945 
407E-9 1.59895 0.39347 
408E-9 1.60381 0.39234 
409E-9 1.60864 0.39102 
410E-9 1.61362 0.38955 
411E-9 1.61871 0.38798 
412E-9 1.62425 0.38618 
413E-9 1.62989 0.38427 
414E-9 1.63569 0.38221 
415E-9 1.64144 0.37994 
416E-9 1.64712 0.37755 
417E-9 1.65253 0.37495 
418E-9 1.65757 0.37215 
419E-9 1.66238 0.36922 
420E-9 1.66661 0.36589 
421E-9 1.67068 0.36229 
422E-9 1.67455 0.35834 
423E-9 1.6783 0.35375 
424E-9 1.68206 0.34879 
425E-9 1.68588 0.34313 
426E-9 1.68982 0.3368 
427E-9 1.69382 0.33009 
428E-9 1.69768 0.32265 
429E-9 1.70127 0.31501 
430E-9 1.70457 0.30713 
431E-9 1.70701 0.2991 
432E-9 1.70895 0.29107 
433E-9 1.70989 0.2831 
434E-9 1.70981 0.27526 
435E-9 1.70914 0.26751 
436E-9 1.70734 0.25991 
437E-9 1.70509 0.25239 
438E-9 1.70236 0.24494 
439E-9 1.69903 0.23758 
440E-9 1.69552 0.23026 
441E-9 1.69174 0.22301 
442E-9 1.68781 0.21588 
443E-9 1.68378 0.20885 
444E-9 1.67959 0.20213 
445E-9 1.67532 0.19569 
446E-9 1.67097 0.1895 
447E-9 1.6665 0.18397 
448E-9 1.66198 0.17879 
449E-9 1.65739 0.1742 
450E-9 1.65274 0.17026 
451E-9 1.64807 0.16665 
452E-9 1.64335 0.16364 
453E-9 1.63863 0.16091 
454E-9 1.6339 0.15842 
455E-9 1.62921 0.15625 
456E-9 1.62456 0.15415 
457E-9 1.61995 0.15216 
458E-9 1.61542 0.15021 
459E-9 1.61092 0.14831 
460E-9 1.6065 0.1465 
461E-9 1.60211 0.1448 
462E-9 1.59775 0.14318 
463E-9 1.59344 0.14182 
464E-9 1.58914 0.14059 
465E-9 1.58487 0.13956 
466E-9 1.58059 0.13884 
467E-9 1.5763 0.13825 
468E-9 1.57201 0.13793 
469E-9 1.56767 0.13774 
470E-9 1.56332 0.13765 
471E-9 1.55885 0.13769 
472E-9 1.55434 0.13775 
473E-9 1.54975 0.13784 
474E-9 1.54502 0.1379 
475E-9 1.54022 0.13793 
476E-9 1.53529 0.1379 
477E-9 1.53029 0.13786 
478E-9 1.52524 0.13781 
479E-9 1.52015 0.13782 
480E-9 1.51507 0.13789 
481E-9 1.51001 0.13803 
482E-9 1.50502 0.13835 
483E-9 1.50009 0.13876 
484E-9 1.49526 0.13937 
485E-9 1.49056 0.14017 
486E-9 1.48593 0.14109 
487E-9 1.48145 0.14223 
488E-9 1.47705 0.14346 
489E-9 1.47272 0.14479 
490E-9 1.4685 0.14625 
491E-9 1.46433 0.14775 
492E-9 1.46023 0.14932 
493E-9 1.4562 0.15092 
494E-9 1.4522 0.15253 
495E-9 1.44827 0.15418 
496E-9 1.44437 0.15585 
497E-9 1.44049 0.15755 
498E-9 1.43666 0.15934 
499E-9 1.43285 0.16117 
500E-9 1.42905 0.16308 
501E-9 1.42527 0.16511 
502E-9 1.4215 0.16721 
503E-9 1.41774 0.16946 
504E-9 1.41398 0.17182 
505E-9 1.41023 0.17429 
506E-9 1.40647 0.17692 
507E-9 1.40271 0.17961 
508E-9 1.39893 0.18241 
509E-9 1.39515 0.1853 
510E-9 1.39136 0.18824 
511E-9 1.38755 0.19125 
512E-9 1.38372 0.19431 
513E-9 1.37988 0.19739 
514E-9 1.37601 0.20052 
515E-9 1.37212 0.20367 
516E-9 1.3682 0.20686 
517E-9 1.36425 0.21016 
518E-9 1.36029 0.21353 
519E-9 1.35629 0.21708 
520E-9 1.35229 0.22082 
521E-9 1.34827 0.22468 
522E-9 1.34423 0.22891 
523E-9 1.34019 0.23334 
524E-9 1.33614 0.23802 
525E-9 1.33209 0.24315 
526E-9 1.32804 0.24848 
527E-9 1.324 0.25417 
528E-9 1.31997 0.26009 
529E-9 1.31594 0.26615 
530E-9 1.31191 0.2724 
531E-9 1.30788 0.27869 
532E-9 1.30385 0.28502 
533E-9 1.2998 0.29131 
534E-9 1.29575 0.29754 
535E-9 1.29167 0.30365 
536E-9 1.28755 0.30954 
537E-9 1.28341 0.31531 
538E-9 1.27924 0.32081 
539E-9 1.27505 0.32623 
540E-9 1.27086 0.33157 
541E-9 1.2667 0.33692 
542E-9 1.26256 0.34231 
543E-9 1.25848 0.34782 
544E-9 1.25449 0.35355 
545E-9 1.25057 0.35942 
546E-9 1.2468 0.36568 
547E-9 1.24316 0.37226 
548E-9 1.23964 0.37909 
549E-9 1.23641 0.38659 
550E-9 1.23332 0.39435 
551E-9 1.23046 0.40249 
552E-9 1.22791 0.41103 
553E-9 1.22553 0.41975 
554E-9 1.22351 0.42879 
555E-9 1.22176 0.43798 
556E-9 1.22021 0.44728 
557E-9 1.21915 0.45673 
558E-9 1.21829 0.46619 
559E-9 1.21773 0.47567 
560E-9 1.2176 0.48508 
561E-9 1.21768 0.49445 
562E-9 1.21814 0.50369 
563E-9 1.21888 0.51284 
564E-9 1.21978 0.52193 
565E-9 1.22101 0.53088 
566E-9 1.22235 0.53978 
567E-9 1.22382 0.54861 
568E-9 1.22545 0.55737 
569E-9 1.22713 0.5661 
570E-9 1.22889 0.57478 
571E-9 1.23067 0.58344 
572E-9 1.23245 0.59208 
573E-9 1.23421 0.60071 
574E-9 1.23593 0.60935 
575E-9 1.23761 0.618 
576E-9 1.23928 0.62671 
577E-9 1.24097 0.63544 
578E-9 1.24271 0.64425 
579E-9 1.24457 0.65316 
580E-9 1.24652 0.66213 
581E-9 1.24867 0.67124 
582E-9 1.25101 0.68046 
583E-9 1.25349 0.68976 
584E-9 1.25637 0.69927 
585E-9 1.25944 0.70888 
586E-9 1.26281 0.71863 
587E-9 1.2666 0.72857 
588E-9 1.27063 0.73861 
589E-9 1.27513 0.74884 
590E-9 1.27998 0.75916 
591E-9 1.28506 0.76955 
592E-9 1.29073 0.78004 
593E-9 1.29663 0.79055 
594E-9 1.30288 0.80108 
595E-9 1.30957 0.81159 
596E-9 1.31649 0.82208 
597E-9 1.32384 0.83252 
598E-9 1.33153 0.84288 
599E-9 1.33943 0.85319 
600E-9 1.34783 0.86336 
601E-9 1.35645 0.87343 
602E-9 1.36535 0.88339 
603E-9 1.37466 0.89313 
604E-9 1.38414 0.90273 
605E-9 1.39393 0.91203 
606E-9 1.40398 0.92098 
607E-9 1.41418 0.92971 
608E-9 1.42467 0.93786 
609E-9 1.43531 0.94565 
610E-9 1.44608 0.95307 
611E-9 1.45708 0.95973 
612E-9 1.46817 0.96603 
613E-9 1.47941 0.97172 
614E-9 1.49077 0.97668 
615E-9 1.5022 0.98122 
616E-9 1.51377 0.98485 
617E-9 1.52541 0.98788 
618E-9 1.53712 0.99041 
619E-9 1.54886 0.99202 
620E-9 1.56059 0.9933 
621E-9 1.57229 0.9941 
622E-9 1.58387 0.99446 
623E-9 1.59537 0.99462 
624E-9 1.60668 0.99446 
625E-9 1.61779 0.99417 
626E-9 1.62876 0.99379 
627E-9 1.63931 0.99334 
628E-9 1.64965 0.99292 
629E-9 1.65969 0.99255 
630E-9 1.66924 0.99234 
631E-9 1.67852 0.99225 
632E-9 1.68729 0.9924 
633E-9 1.69559 0.99284 
634E-9 1.7036 0.99346 
635E-9 1.71098 0.99444 
636E-9 1.71813 0.99557 
637E-9 1.72499 0.99688 
638E-9 1.73151 0.99841 
639E-9 1.73791 1.00003 
640E-9 1.74412 1.00177 
641E-9 1.75021 1.0036 
642E-9 1.75624 1.00547 
643E-9 1.76223 1.00739 
644E-9 1.76826 1.00931 
645E-9 1.77431 1.01124 
646E-9 1.78052 1.01312 
647E-9 1.78682 1.01496 
648E-9 1.79328 1.01674 
649E-9 1.8 1.01841 
650E-9 1.80688 1.02002 
651E-9 1.81409 1.0215 
652E-9 1.82156 1.02292 
653E-9 1.82922 1.02429 
654E-9 1.83733 1.02559 
655E-9 1.84565 1.02689 
656E-9 1.85426 1.02816 
657E-9 1.86328 1.02946 
658E-9 1.87252 1.03077 
659E-9 1.88216 1.03213 
660E-9 1.89215 1.03355 
661E-9 1.90237 1.03502 
662E-9 1.91311 1.03661 
663E-9 1.92412 1.03828 
664E-9 1.93544 1.04004 
665E-9 1.94726 1.04197 
666E-9 1.95932 1.044 
667E-9 1.9718 1.0462 
668E-9 1.98467 1.04851 
669E-9 1.99777 1.05088 
670E-9 2.01131 1.05323 
671E-9 2.02507 1.05547 
672E-9 2.03905 1.05762 
673E-9 2.05337 1.0594 
674E-9 2.06783 1.06096 
675E-9 2.0825 1.06215 
676E-9 2.09738 1.0628 
677E-9 2.11237 1.06312 
678E-9 2.12756 1.06274 
679E-9 2.14287 1.06177 
680E-9 2.15825 1.06038 
681E-9 2.17382 1.05786 
682E-9 2.18946 1.05483 
683E-9 2.20518 1.05105 
684E-9 2.22103 1.04615 
685E-9 2.23694 1.04067 
686E-9 2.25295 1.03407 
687E-9 2.269 1.02656 
688E-9 2.28506 1.01847 
689E-9 2.30103 1.0092 
690E-9 2.31691 0.99939 
691E-9 2.33267 0.98899 
692E-9 2.34812 0.97771 
693E-9 2.36339 0.96604 
694E-9 2.37833 0.95374 
695E-9 2.39284 0.94087 
696E-9 2.40709 0.92768 
697E-9 2.42073 0.91388 
698E-9 2.43392 0.89973 
699E-9 2.44674 0.88529 
700E-9 2.45865 0.87031 
701E-9 2.47013 0.85511 
702E-9 2.48095 0.83959 
703E-9 2.49087 0.8237 
704E-9 2.50028 0.80762 
705E-9 2.50868 0.7912 
706E-9 2.51627 0.77455 
707E-9 2.52332 0.75775 
708E-9 2.52919 0.74067 
709E-9 2.53456 0.72349 
710E-9 2.5393 0.7062 
711E-9 2.54313 0.68884 
712E-9 2.54655 0.67145 
713E-9 2.54925 0.65405 
714E-9 2.55133 0.6367 
715E-9 2.55304 0.6194 
716E-9 2.55398 0.60225 
717E-9 2.5545 0.58524 
718E-9 2.55463 0.56836 
719E-9 2.55406 0.55181 
720E-9 2.5532 0.53544 
721E-9 2.55187 0.51938 
722E-9 2.55002 0.50373 
723E-9 2.5479 0.48833 
724E-9 2.54526 0.47345 
725E-9 2.54225 0.45901 
726E-9 2.53898 0.44489 
727E-9 2.53515 0.43155 
728E-9 2.53108 0.41854 
729E-9 2.5267 0.40595 
730E-9 2.52192 0.39395 
731E-9 2.51696 0.38224 
732E-9 2.51166 0.37101 
733E-9 2.50612 0.36019 
734E-9 2.50043 0.34962 
735E-9 2.49443 0.33955 
736E-9 2.4883 0.32975 
737E-9 2.48204 0.32021 
738E-9 2.47558 0.31111 
739E-9 2.46904 0.30219 
740E-9 2.46241 0.29357 
741E-9 2.45569 0.28525 
742E-9 2.44894 0.27709 
743E-9 2.44214 0.26925 
744E-9 2.43536 0.26159 
745E-9 2.42857 0.25408 
746E-9 2.42186 0.24687 
747E-9 2.4152 0.23977 
748E-9 2.40861 0.23283 
749E-9 2.40215 0.22611 
750E-9 2.39575 0.21949 
751E-9 2.38946 0.21306 
752E-9 2.38325 0.20681 
753E-9 2.3771 0.20066 
754E-9 2.37104 0.19475 
755E-9 2.36504 0.18898 
756E-9 2.35907 0.18334 
757E-9 2.35318 0.17795 
758E-9 2.34731 0.17266 
759E-9 2.34148 0.16756 
760E-9 2.33569 0.16267 
761E-9 2.32992 0.1579 
762E-9 2.32416 0.15335 
763E-9 2.31842 0.14896 
764E-9 2.31268 0.14469 
765E-9 2.30694 0.14069 
766E-9 2.30118 0.13682 
767E-9 2.29542 0.1331 
768E-9 2.28964 0.12962 
769E-9 2.28383 0.12626 
770E-9 2.27799 0.12311 
771E-9 2.27211 0.12016 
772E-9 2.2662 0.11732 
773E-9 2.26024 0.11473 
774E-9 2.25427 0.11228 
775E-9 2.24829 0.10995 
776E-9 2.24232 0.10786 
777E-9 2.23635 0.10586 
778E-9 2.23041 0.10401 
779E-9 2.22451 0.10233 
780E-9 2.21865 0.10073 
781E-9 2.21285 0.0993 
782E-9 2.20713 0.09798 
783E-9 2.20145 0.09675 
784E-9 2.19593 0.09568 
785E-9 2.19047 0.09468 
786E-9 2.18511 0.09378 
787E-9 2.17992 0.09299 
788E-9 2.17483 0.09226 
789E-9 2.1699 0.09163 
790E-9 2.16515 0.09109 
791E-9 2.16051 0.09059 
792E-9 2.15611 0.09019 
793E-9 2.15188 0.08983 
794E-9 2.1478 0.08951 
795E-9 2.14403 0.08927 
796E-9 2.14041 0.08906 
797E-9 2.13702 0.08888 
798E-9 2.13389 0.08876 
799E-9 2.1309 0.08865 
800E-9 2.12815 0.08858 
