lambda n k
210E-9 1.687386 0.377056 
211E-9 1.696696 0.377929 
212E-9 1.704806 0.376833 
213E-9 1.711558 0.374608 
214E-9 1.71713 0.371958 
215E-9 1.721982 0.369252 
216E-9 1.726434 0.36654 
217E-9 1.730725 0.363859 
218E-9 1.735196 0.361197 
219E-9 1.740219 0.358141 
220E-9 1.745701 0.354086 
221E-9 1.751208 0.348531 
222E-9 1.755842 0.341181 
223E-9 1.758568 0.33271 
224E-9 1.759183 0.324159 
225E-9 1.757957 0.316434 
226E-9 1.755655 0.310253 
227E-9 1.753327 0.30551 
228E-9 1.75142 0.301678 
229E-9 1.75007 0.298298 
230E-9 1.749195 0.294971 
231E-9 1.748531 0.291526 
232E-9 1.747944 0.287997 
233E-9 1.747393 0.28441 
234E-9 1.746884 0.280785 
235E-9 1.746486 0.277096 
236E-9 1.746227 0.273212 
237E-9 1.746052 0.268997 
238E-9 1.745853 0.264332 
239E-9 1.745454 0.259117 
240E-9 1.744619 0.253371 
241E-9 1.743192 0.247194 
242E-9 1.741055 0.240676 
243E-9 1.738088 0.233903 
244E-9 1.734116 0.226988 
245E-9 1.728981 0.220202 
246E-9 1.722672 0.213855 
247E-9 1.71527 0.208239 
248E-9 1.706934 0.203629 
249E-9 1.697962 0.200236 
250E-9 1.68866 0.198059 
251E-9 1.679211 0.197046 
252E-9 1.669754 0.197155 
253E-9 1.660404 0.198344 
254E-9 1.651249 0.200582 
255E-9 1.642378 0.203864 
256E-9 1.633901 0.208196 
257E-9 1.625951 0.213574 
258E-9 1.618685 0.21999 
259E-9 1.612315 0.227416 
260E-9 1.607102 0.235695 
261E-9 1.603193 0.244575 
262E-9 1.600656 0.25381 
263E-9 1.599514 0.263167 
264E-9 1.599756 0.272427 
265E-9 1.601352 0.281371 
266E-9 1.604235 0.289768 
267E-9 1.608281 0.297399 
268E-9 1.613326 0.304072 
269E-9 1.619168 0.309621 
270E-9 1.625552 0.313906 
271E-9 1.632137 0.316893 
272E-9 1.638662 0.318699 
273E-9 1.644962 0.319446 
274E-9 1.65091 0.319244 
275E-9 1.656394 0.318191 
276E-9 1.661305 0.316384 
277E-9 1.66551 0.313945 
278E-9 1.668926 0.311066 
279E-9 1.671532 0.307927 
280E-9 1.673341 0.304693 
281E-9 1.67439 0.301516 
282E-9 1.674742 0.298539 
283E-9 1.674497 0.295883 
284E-9 1.673769 0.293615 
285E-9 1.672646 0.291786 
286E-9 1.671217 0.290444 
287E-9 1.669579 0.289633 
288E-9 1.66784 0.289393 
289E-9 1.666142 0.289757 
290E-9 1.664687 0.29069 
291E-9 1.663612 0.292041 
292E-9 1.662969 0.293664 
293E-9 1.662773 0.295421 
294E-9 1.663002 0.297188 
295E-9 1.663606 0.298851 
296E-9 1.664488 0.300307 
297E-9 1.66549 0.301532 
298E-9 1.666516 0.302601 
299E-9 1.667529 0.303587 
300E-9 1.668526 0.304554 
301E-9 1.669523 0.305561 
302E-9 1.670558 0.30666 
303E-9 1.671699 0.307894 
304E-9 1.673066 0.309271 
305E-9 1.674757 0.310694 
306E-9 1.676796 0.312058 
307E-9 1.679178 0.313267 
308E-9 1.681873 0.314233 
309E-9 1.684833 0.314877 
310E-9 1.687989 0.315128 
311E-9 1.691239 0.314927 
312E-9 1.694441 0.314275 
313E-9 1.697504 0.31324 
314E-9 1.70038 0.311886 
315E-9 1.703038 0.310271 
316E-9 1.705462 0.308448 
317E-9 1.707643 0.306467 
318E-9 1.709584 0.304373 
319E-9 1.711295 0.302208 
320E-9 1.712798 0.3 
321E-9 1.714111 0.297762 
322E-9 1.715243 0.295507 
323E-9 1.7162 0.293245 
324E-9 1.716989 0.29099 
325E-9 1.717616 0.288751 
326E-9 1.718086 0.28654 
327E-9 1.718405 0.284367 
328E-9 1.718571 0.282244 
329E-9 1.718589 0.280192 
330E-9 1.718468 0.27823 
331E-9 1.718223 0.27638 
332E-9 1.717872 0.27466 
333E-9 1.717437 0.273086 
334E-9 1.716946 0.271676 
335E-9 1.716432 0.270442 
336E-9 1.715938 0.269397 
337E-9 1.715533 0.268539 
338E-9 1.715278 0.267818 
339E-9 1.715198 0.267171 
340E-9 1.715301 0.266543 
341E-9 1.715583 0.265881 
342E-9 1.716029 0.265137 
343E-9 1.716617 0.264264 
344E-9 1.717313 0.263219 
345E-9 1.718072 0.261965 
346E-9 1.718826 0.260469 
347E-9 1.719483 0.258744 
348E-9 1.719991 0.256842 
349E-9 1.720323 0.254812 
350E-9 1.720463 0.252697 
351E-9 1.720408 0.250539 
352E-9 1.720159 0.248378 
353E-9 1.719724 0.246251 
354E-9 1.719121 0.244191 
355E-9 1.718372 0.242233 
356E-9 1.717515 0.240402 
357E-9 1.716603 0.238704 
358E-9 1.715666 0.237119 
359E-9 1.714724 0.235631 
360E-9 1.71379 0.234224 
361E-9 1.712873 0.232885 
362E-9 1.71198 0.231598 
363E-9 1.711116 0.230351 
364E-9 1.710281 0.229132 
365E-9 1.709476 0.227929 
366E-9 1.708701 0.22673 
367E-9 1.707951 0.225526 
368E-9 1.707221 0.224311 
369E-9 1.706509 0.223076 
370E-9 1.705809 0.221817 
371E-9 1.705118 0.220527 
372E-9 1.704432 0.219201 
373E-9 1.703744 0.217834 
374E-9 1.703049 0.216421 
375E-9 1.702341 0.214956 
376E-9 1.701611 0.213436 
377E-9 1.700852 0.211856 
378E-9 1.70005 0.210214 
379E-9 1.699192 0.208511 
380E-9 1.698269 0.206755 
381E-9 1.697275 0.20495 
382E-9 1.696203 0.203102 
383E-9 1.695049 0.201216 
384E-9 1.693808 0.199295 
385E-9 1.692475 0.197346 
386E-9 1.691046 0.195372 
387E-9 1.689517 0.193377 
388E-9 1.687882 0.191366 
389E-9 1.686136 0.189343 
390E-9 1.684269 0.187312 
391E-9 1.682271 0.185288 
392E-9 1.680139 0.183284 
393E-9 1.677872 0.181315 
394E-9 1.67547 0.179394 
395E-9 1.672938 0.177535 
396E-9 1.670278 0.175749 
397E-9 1.667498 0.17405 
398E-9 1.664603 0.172449 
399E-9 1.661602 0.170958 
400E-9 1.658506 0.169587 
401E-9 1.655327 0.168348 
402E-9 1.652082 0.167249 
403E-9 1.648793 0.166297 
404E-9 1.645481 0.165484 
405E-9 1.64216 0.164803 
406E-9 1.638839 0.164244 
407E-9 1.635526 0.163801 
408E-9 1.63223 0.163467 
409E-9 1.628954 0.163234 
410E-9 1.625705 0.163095 
411E-9 1.622488 0.163045 
412E-9 1.619304 0.163075 
413E-9 1.616159 0.16318 
414E-9 1.613055 0.163355 
415E-9 1.609996 0.163591 
416E-9 1.606986 0.163885 
417E-9 1.604028 0.164226 
418E-9 1.601126 0.164604 
419E-9 1.598279 0.165008 
420E-9 1.595486 0.165428 
421E-9 1.592744 0.165855 
422E-9 1.590048 0.166279 
423E-9 1.587395 0.166691 
424E-9 1.584778 0.167081 
425E-9 1.582191 0.167443 
426E-9 1.579626 0.167766 
427E-9 1.577072 0.168045 
428E-9 1.57452 0.16827 
429E-9 1.571955 0.168436 
430E-9 1.569362 0.168536 
431E-9 1.566716 0.168567 
432E-9 1.563995 0.168543 
433E-9 1.561186 0.168476 
434E-9 1.558279 0.16838 
435E-9 1.555268 0.168268 
436E-9 1.552148 0.168151 
437E-9 1.548915 0.168043 
438E-9 1.545566 0.167954 
439E-9 1.5421 0.167896 
440E-9 1.538516 0.16788 
441E-9 1.534815 0.167916 
442E-9 1.530998 0.168015 
443E-9 1.527067 0.168188 
444E-9 1.523024 0.168443 
445E-9 1.518874 0.168792 
446E-9 1.514619 0.169243 
447E-9 1.510267 0.169805 
448E-9 1.505823 0.170485 
449E-9 1.501291 0.171289 
450E-9 1.496678 0.172225 
451E-9 1.491989 0.1733 
452E-9 1.487231 0.174519 
453E-9 1.48241 0.175891 
454E-9 1.477532 0.17742 
455E-9 1.472607 0.179113 
456E-9 1.467642 0.180976 
457E-9 1.462646 0.183016 
458E-9 1.457628 0.185237 
459E-9 1.452601 0.187646 
460E-9 1.447575 0.190247 
461E-9 1.442564 0.193045 
462E-9 1.437585 0.196045 
463E-9 1.432658 0.199248 
464E-9 1.427805 0.202647 
465E-9 1.423043 0.206229 
466E-9 1.418383 0.209982 
467E-9 1.413834 0.213894 
468E-9 1.409403 0.217954 
469E-9 1.405097 0.222149 
470E-9 1.400922 0.22647 
471E-9 1.39688 0.230903 
472E-9 1.392976 0.23544 
473E-9 1.389211 0.240068 
474E-9 1.385586 0.244777 
475E-9 1.382103 0.249556 
476E-9 1.378761 0.254396 
477E-9 1.375558 0.259286 
478E-9 1.372493 0.264216 
479E-9 1.369563 0.269177 
480E-9 1.366764 0.27416 
481E-9 1.364091 0.279157 
482E-9 1.361538 0.284161 
483E-9 1.3591 0.289167 
484E-9 1.356773 0.29417 
485E-9 1.354552 0.299166 
486E-9 1.352431 0.30415 
487E-9 1.350408 0.309116 
488E-9 1.348475 0.314062 
489E-9 1.346629 0.318983 
490E-9 1.344863 0.323874 
491E-9 1.343172 0.328733 
492E-9 1.341549 0.333557 
493E-9 1.339987 0.338342 
494E-9 1.33848 0.343085 
495E-9 1.33702 0.347785 
496E-9 1.335598 0.352439 
497E-9 1.334204 0.357045 
498E-9 1.332829 0.361604 
499E-9 1.33146 0.366114 
500E-9 1.330081 0.370577 
501E-9 1.32867 0.375002 
502E-9 1.327212 0.379411 
503E-9 1.325705 0.383826 
504E-9 1.324148 0.388267 
505E-9 1.322545 0.39275 
506E-9 1.320904 0.397293 
507E-9 1.319232 0.401911 
508E-9 1.317544 0.406619 
509E-9 1.315856 0.411429 
510E-9 1.314186 0.416352 
511E-9 1.312566 0.421392 
512E-9 1.311026 0.426535 
513E-9 1.30958 0.43176 
514E-9 1.308235 0.437047 
515E-9 1.306994 0.442378 
516E-9 1.305857 0.447738 
517E-9 1.30482 0.453111 
518E-9 1.303878 0.458484 
519E-9 1.303021 0.463844 
520E-9 1.302239 0.46918 
521E-9 1.301516 0.474483 
522E-9 1.300831 0.479751 
523E-9 1.300164 0.484995 
524E-9 1.299509 0.490227 
525E-9 1.298861 0.495457 
526E-9 1.298217 0.500697 
527E-9 1.297578 0.505953 
528E-9 1.296945 0.511236 
529E-9 1.29632 0.516551 
530E-9 1.295707 0.521906 
531E-9 1.295111 0.527308 
532E-9 1.294537 0.532761 
533E-9 1.293993 0.538268 
534E-9 1.293489 0.54383 
535E-9 1.293029 0.549444 
536E-9 1.292617 0.555108 
537E-9 1.292256 0.560822 
538E-9 1.29195 0.566583 
539E-9 1.291702 0.57239 
540E-9 1.291514 0.578242 
541E-9 1.291389 0.584137 
542E-9 1.29133 0.590074 
543E-9 1.29134 0.59605 
544E-9 1.291421 0.602065 
545E-9 1.291577 0.608115 
546E-9 1.29181 0.614197 
547E-9 1.292122 0.620306 
548E-9 1.292514 0.626439 
549E-9 1.292987 0.632593 
550E-9 1.293539 0.638765 
551E-9 1.294173 0.644952 
552E-9 1.294887 0.651149 
553E-9 1.295681 0.657356 
554E-9 1.296555 0.663568 
555E-9 1.297509 0.669784 
556E-9 1.298541 0.676 
557E-9 1.299652 0.682215 
558E-9 1.300841 0.688424 
559E-9 1.302105 0.694624 
560E-9 1.303444 0.700813 
561E-9 1.304854 0.706988 
562E-9 1.306333 0.713146 
563E-9 1.307878 0.719286 
564E-9 1.309486 0.725406 
565E-9 1.311153 0.731503 
566E-9 1.312875 0.737578 
567E-9 1.314648 0.743629 
568E-9 1.316467 0.749656 
569E-9 1.318325 0.75566 
570E-9 1.320214 0.761645 
571E-9 1.322129 0.76762 
572E-9 1.32407 0.773592 
573E-9 1.326039 0.779569 
574E-9 1.328037 0.785556 
575E-9 1.330067 0.79156 
576E-9 1.332134 0.797583 
577E-9 1.334242 0.80363 
578E-9 1.336396 0.809705 
579E-9 1.338602 0.81581 
580E-9 1.340866 0.821947 
581E-9 1.343195 0.828117 
582E-9 1.345599 0.834319 
583E-9 1.348086 0.840553 
584E-9 1.350667 0.84681 
585E-9 1.353346 0.85308 
586E-9 1.356125 0.859355 
587E-9 1.359004 0.865628 
588E-9 1.361983 0.871893 
589E-9 1.365061 0.878144 
590E-9 1.368238 0.884375 
591E-9 1.371511 0.890581 
592E-9 1.374879 0.896757 
593E-9 1.37834 0.902899 
594E-9 1.381892 0.909003 
595E-9 1.385532 0.915065 
596E-9 1.389258 0.921082 
597E-9 1.393068 0.927048 
598E-9 1.396959 0.932961 
599E-9 1.400928 0.938815 
600E-9 1.40497 0.944607 
601E-9 1.409081 0.950333 
602E-9 1.413254 0.95599 
603E-9 1.417485 0.961576 
604E-9 1.421769 0.967089 
605E-9 1.426099 0.972528 
606E-9 1.430468 0.97789 
607E-9 1.434871 0.983177 
608E-9 1.4393 0.988386 
609E-9 1.443748 0.99352 
610E-9 1.448207 0.998579 
611E-9 1.452667 1.003564 
612E-9 1.457117 1.008482 
613E-9 1.461548 1.013343 
614E-9 1.465958 1.018158 
615E-9 1.470345 1.022936 
616E-9 1.474709 1.027685 
617E-9 1.479049 1.032412 
618E-9 1.483366 1.037124 
619E-9 1.487662 1.041828 
620E-9 1.491938 1.046529 
621E-9 1.496194 1.051234 
622E-9 1.500433 1.055947 
623E-9 1.504657 1.060673 
624E-9 1.508866 1.065418 
625E-9 1.513063 1.070187 
626E-9 1.517247 1.074983 
627E-9 1.521419 1.079814 
628E-9 1.525578 1.08469 
629E-9 1.52973 1.089621 
630E-9 1.53388 1.094619 
631E-9 1.538039 1.099689 
632E-9 1.542215 1.104842 
633E-9 1.546418 1.110081 
634E-9 1.55066 1.115412 
635E-9 1.554952 1.120839 
636E-9 1.559307 1.126365 
637E-9 1.563737 1.131993 
638E-9 1.568255 1.137723 
639E-9 1.572877 1.143556 
640E-9 1.577616 1.149492 
641E-9 1.58249 1.155527 
642E-9 1.587515 1.161657 
643E-9 1.592714 1.167877 
644E-9 1.598109 1.17417 
645E-9 1.603714 1.180511 
646E-9 1.609534 1.186878 
647E-9 1.615571 1.193253 
648E-9 1.621826 1.199617 
649E-9 1.628297 1.205956 
650E-9 1.634983 1.212254 
651E-9 1.641881 1.218499 
652E-9 1.648989 1.224677 
653E-9 1.656302 1.230777 
654E-9 1.663817 1.236788 
655E-9 1.671529 1.242699 
656E-9 1.679437 1.248501 
657E-9 1.687534 1.254184 
658E-9 1.695819 1.259739 
659E-9 1.704288 1.265156 
660E-9 1.712941 1.270426 
661E-9 1.721779 1.275534 
662E-9 1.730797 1.280461 
663E-9 1.739984 1.285188 
664E-9 1.749326 1.289701 
665E-9 1.75881 1.293987 
666E-9 1.768421 1.298034 
667E-9 1.778141 1.301833 
668E-9 1.787955 1.305375 
669E-9 1.797844 1.308653 
670E-9 1.807792 1.311662 
671E-9 1.817779 1.314396 
672E-9 1.827786 1.316851 
673E-9 1.837794 1.319025 
674E-9 1.847782 1.320917 
675E-9 1.857729 1.322526 
676E-9 1.867611 1.323854 
677E-9 1.877403 1.324903 
678E-9 1.887077 1.325679 
679E-9 1.896599 1.326196 
680E-9 1.905944 1.326484 
681E-9 1.915099 1.326571 
682E-9 1.924058 1.326479 
683E-9 1.932814 1.326231 
684E-9 1.941364 1.325846 
685E-9 1.949705 1.325341 
686E-9 1.957832 1.324735 
687E-9 1.965747 1.324042 
688E-9 1.973446 1.323278 
689E-9 1.980929 1.322458 
690E-9 1.988194 1.321596 
691E-9 1.99524 1.320705 
692E-9 2.002065 1.3198 
693E-9 2.008668 1.318893 
694E-9 2.015046 1.317999 
695E-9 2.021194 1.31713 
696E-9 2.027108 1.316302 
697E-9 2.032778 1.315531 
698E-9 2.038189 1.31484 
699E-9 2.043333 1.314272 
700E-9 2.04822 1.313865 
701E-9 2.052863 1.313655 
702E-9 2.057281 1.313674 
703E-9 2.061496 1.313951 
704E-9 2.06553 1.314512 
705E-9 2.069409 1.315382 
706E-9 2.073161 1.316583 
707E-9 2.076815 1.318136 
708E-9 2.080404 1.320059 
709E-9 2.08396 1.322369 
710E-9 2.087518 1.325079 
711E-9 2.091116 1.328201 
712E-9 2.094793 1.331746 
713E-9 2.09859 1.335721 
714E-9 2.102551 1.340129 
715E-9 2.106724 1.344972 
716E-9 2.11116 1.350249 
717E-9 2.115915 1.35595 
718E-9 2.121058 1.362057 
719E-9 2.126653 1.368517 
720E-9 2.132732 1.375269 
721E-9 2.139315 1.38226 
722E-9 2.146415 1.389443 
723E-9 2.154041 1.396774 
724E-9 2.162196 1.404212 
725E-9 2.170884 1.411719 
726E-9 2.180102 1.41926 
727E-9 2.18985 1.4268 
728E-9 2.200123 1.434309 
729E-9 2.210915 1.441756 
730E-9 2.222222 1.449115 
731E-9 2.234034 1.456359 
732E-9 2.246346 1.463464 
733E-9 2.259149 1.470407 
734E-9 2.272436 1.477166 
735E-9 2.286197 1.483721 
736E-9 2.300424 1.490052 
737E-9 2.315111 1.496142 
738E-9 2.330252 1.501972 
739E-9 2.345842 1.507524 
740E-9 2.361877 1.512776 
741E-9 2.37835 1.5177 
742E-9 2.395247 1.522272 
743E-9 2.412553 1.526472 
744E-9 2.430251 1.530281 
745E-9 2.448326 1.53368 
746E-9 2.466762 1.536655 
747E-9 2.485541 1.539192 
748E-9 2.504648 1.541278 
749E-9 2.524068 1.5429 
750E-9 2.543784 1.544049 
751E-9 2.56378 1.544713 
752E-9 2.584044 1.544886 
753E-9 2.60456 1.544557 
754E-9 2.625316 1.543719 
755E-9 2.646301 1.542366 
756E-9 2.667502 1.540489 
757E-9 2.688908 1.538082 
758E-9 2.710513 1.535138 
759E-9 2.732309 1.531651 
760E-9 2.754292 1.527612 
761E-9 2.776461 1.523013 
762E-9 2.798824 1.517841 
763E-9 2.821392 1.512063 
764E-9 2.844152 1.505635 
765E-9 2.867083 1.498521 
766E-9 2.89016 1.490692 
767E-9 2.913354 1.482117 
768E-9 2.936632 1.472774 
769E-9 2.959965 1.462637 
770E-9 2.983315 1.451688 
771E-9 3.006649 1.439907 
772E-9 3.02993 1.427276 
773E-9 3.053119 1.413779 
774E-9 3.076177 1.399402 
775E-9 3.099065 1.38413 
776E-9 3.121739 1.36795 
777E-9 3.144156 1.350849 
778E-9 3.166269 1.332817 
779E-9 3.188028 1.313843 
780E-9 3.209382 1.293915 
781E-9 3.230275 1.273024 
782E-9 3.250645 1.251161 
783E-9 3.270424 1.228318 
784E-9 3.289535 1.204489 
785E-9 3.307884 1.17967 
786E-9 3.325354 1.153862 
787E-9 3.341785 1.127134 
788E-9 3.357083 1.099612 
789E-9 3.3712 1.071415 
790E-9 3.384106 1.042646 
791E-9 3.395782 1.0134 
792E-9 3.406218 0.983766 
793E-9 3.415409 0.953825 
794E-9 3.423356 0.923656 
795E-9 3.430062 0.893332 
796E-9 3.435533 0.862925 
797E-9 3.43978 0.832501 
798E-9 3.442813 0.802128 
799E-9 3.444647 0.77187 
800E-9 3.445299 0.741788 
801E-9 3.444787 0.711948 
802E-9 3.443131 0.682407 
803E-9 3.440357 0.653227 
804E-9 3.436489 0.624467 
805E-9 3.431559 0.59619 
806E-9 3.425598 0.568453 
807E-9 3.418646 0.54132 
808E-9 3.410745 0.514849 
809E-9 3.401947 0.489105 
810E-9 3.392311 0.46415 
811E-9 3.38191 0.440045 
812E-9 3.37085 0.416854 
813E-9 3.359262 0.394578 
814E-9 3.347237 0.373185 
815E-9 3.334841 0.352641 
816E-9 3.322127 0.33292 
817E-9 3.309139 0.313993 
818E-9 3.295916 0.295836 
819E-9 3.282495 0.278428 
820E-9 3.268907 0.261745 
821E-9 3.25518 0.245768 
822E-9 3.241343 0.230478 
823E-9 3.227417 0.215854 
824E-9 3.213428 0.201879 
825E-9 3.199396 0.188536 
826E-9 3.185342 0.175808 
827E-9 3.171283 0.163676 
828E-9 3.157239 0.152126 
829E-9 3.143225 0.141141 
830E-9 3.129257 0.130706 
831E-9 3.11535 0.120804 
832E-9 3.10152 0.111421 
833E-9 3.087778 0.102542 
834E-9 3.074138 0.09415 
835E-9 3.060611 0.086232 
836E-9 3.047209 0.078772 
837E-9 3.033942 0.071755 
838E-9 3.02082 0.065166 
839E-9 3.007853 0.058991 
840E-9 2.995045 0.053215 
841E-9 2.982406 0.047825 
842E-9 2.969942 0.042808 
843E-9 2.95766 0.038151 
844E-9 2.945568 0.033842 
845E-9 2.933672 0.029867 
846E-9 2.921978 0.026214 
847E-9 2.910493 0.02287 
848E-9 2.899222 0.019821 
849E-9 2.88817 0.017054 
850E-9 2.877341 0.014556 
851E-9 2.866741 0.012314 
852E-9 2.856372 0.010314 
853E-9 2.846238 0.008542 
854E-9 2.836343 0.006986 
855E-9 2.826688 0.00563 
856E-9 2.817275 0.004463 
857E-9 2.808104 0.003468 
858E-9 2.799178 0.002634 
859E-9 2.790496 0.001945 
860E-9 2.782056 0.001389 
861E-9 2.773858 0.00095 
862E-9 2.765899 0.000615 
863E-9 2.758177 0.00037 
864E-9 2.750686 0.0002 
865E-9 2.743423 0.000093 
866E-9 2.736381 0.000033 
867E-9 2.729552 0.000007 
868E-9 2.722926 0 
869E-9 2.716489 0 
870E-9 2.710222 0 
871E-9 2.704113 0 
872E-9 2.69815 0 
873E-9 2.692325 0 
874E-9 2.686632 0 
875E-9 2.681062 0 
876E-9 2.675611 0 
877E-9 2.670274 0 
878E-9 2.665044 0 
879E-9 2.659919 0 
880E-9 2.654893 0 
881E-9 2.649963 0 
882E-9 2.645126 0 
883E-9 2.640377 0 
884E-9 2.635714 0 
885E-9 2.631134 0 
886E-9 2.626634 0 
887E-9 2.622211 0 
888E-9 2.617864 0 
889E-9 2.613589 0 
890E-9 2.609384 0 
891E-9 2.605247 0 
892E-9 2.601177 0 
893E-9 2.59717 0 
894E-9 2.593226 0 
895E-9 2.589343 0 
896E-9 2.585518 0 
897E-9 2.581751 0 
898E-9 2.57804 0 
899E-9 2.574383 0 
900E-9 2.570779 0 
901E-9 2.567226 0 
902E-9 2.563724 0 
903E-9 2.56027 0 
904E-9 2.556865 0 
905E-9 2.553506 0 
906E-9 2.550192 0 
907E-9 2.546923 0 
908E-9 2.543697 0 
909E-9 2.540514 0 
910E-9 2.537371 0 
911E-9 2.534269 0 
912E-9 2.531207 0 
913E-9 2.528184 0 
914E-9 2.525198 0 
915E-9 2.522249 0 
916E-9 2.519337 0 
917E-9 2.516459 0 
918E-9 2.513617 0 
919E-9 2.510809 0 
920E-9 2.508034 0 
921E-9 2.505291 0 
922E-9 2.50258 0 
923E-9 2.499901 0 
924E-9 2.497252 0 
925E-9 2.494633 0 
926E-9 2.492044 0 
927E-9 2.489484 0 
928E-9 2.486952 0 
929E-9 2.484448 0 
930E-9 2.481972 0 
931E-9 2.479522 0 
932E-9 2.477098 0 
933E-9 2.474701 0 
934E-9 2.472328 0 
935E-9 2.469981 0 
936E-9 2.467658 0 
937E-9 2.465359 0 
938E-9 2.463084 0 
939E-9 2.460832 0 
940E-9 2.458602 0 
941E-9 2.456395 0 
942E-9 2.454211 0 
943E-9 2.452047 0 
944E-9 2.449905 0 
945E-9 2.447785 0 
946E-9 2.445684 0 
947E-9 2.443604 0 
948E-9 2.441544 0 
949E-9 2.439504 0 
950E-9 2.437482 0 
951E-9 2.43548 0 
952E-9 2.433497 0 
953E-9 2.431532 0 
954E-9 2.429585 0 
955E-9 2.427655 0 
956E-9 2.425744 0 
957E-9 2.42385 0 
958E-9 2.421972 0 
959E-9 2.420112 0 
960E-9 2.418267 0 
961E-9 2.41644 0 
962E-9 2.414628 0 
963E-9 2.412832 0 
964E-9 2.411052 0 
965E-9 2.409287 0 
966E-9 2.407537 0 
967E-9 2.405802 0 
968E-9 2.404082 0 
969E-9 2.402376 0 
970E-9 2.400684 0 
971E-9 2.399007 0 
972E-9 2.397343 0 
973E-9 2.395693 0 
974E-9 2.394057 0 
975E-9 2.392434 0 
976E-9 2.390824 0 
977E-9 2.389227 0 
978E-9 2.387642 0 
979E-9 2.386071 0 
980E-9 2.384511 0 
981E-9 2.382965 0 
982E-9 2.38143 0 
983E-9 2.379907 0 
984E-9 2.378396 0 
985E-9 2.376896 0 
986E-9 2.375409 0 
987E-9 2.373932 0 
988E-9 2.372467 0 
989E-9 2.371012 0 
990E-9 2.369569 0 
991E-9 2.368136 0 
992E-9 2.366714 0 
993E-9 2.365303 0 
994E-9 2.363902 0 
995E-9 2.362511 0 
996E-9 2.361131 0 
997E-9 2.35976 0 
998E-9 2.358399 0 
999E-9 2.357048 0 
1000E-9 2.355707 0 
1002.5E-9 2.352395 0 
1005E-9 2.349141 0 
1007.5E-9 2.345943 0 
1010E-9 2.3428 0 
1012.5E-9 2.33971 0 
1015E-9 2.336671 0 
1017.5E-9 2.333683 0 
1020E-9 2.330743 0 
1022.5E-9 2.32785 0 
1025E-9 2.325003 0 
1027.5E-9 2.322202 0 
1030E-9 2.319444 0 
1032.5E-9 2.316728 0 
1035E-9 2.314054 0 
1037.5E-9 2.311421 0 
1040E-9 2.308827 0 
1042.5E-9 2.306271 0 
1045E-9 2.303752 0 
1047.5E-9 2.30127 0 
1050E-9 2.298824 0 
1052.5E-9 2.296412 0 
1055E-9 2.294035 0 
1057.5E-9 2.29169 0 
1060E-9 2.289378 0 
1062.5E-9 2.287097 0 
1065E-9 2.284847 0 
1067.5E-9 2.282627 0 
1070E-9 2.280436 0 
1072.5E-9 2.278275 0 
1075E-9 2.276141 0 
1077.5E-9 2.274035 0 
1080E-9 2.271956 0 
1082.5E-9 2.269903 0 
1085E-9 2.267875 0 
1087.5E-9 2.265873 0 
1090E-9 2.263896 0 
1092.5E-9 2.261942 0 
1095E-9 2.260013 0 
1097.5E-9 2.258106 0 
1100E-9 2.256222 0 
1102.5E-9 2.25436 0 
1105E-9 2.25252 0 
1107.5E-9 2.250701 0 
1110E-9 2.248903 0 
1112.5E-9 2.247125 0 
1115E-9 2.245367 0 
1117.5E-9 2.243629 0 
1120E-9 2.24191 0 
1122.5E-9 2.240209 0 
1125E-9 2.238528 0 
1127.5E-9 2.236864 0 
1130E-9 2.235218 0 
1132.5E-9 2.23359 0 
1135E-9 2.231978 0 
1137.5E-9 2.230384 0 
1140E-9 2.228806 0 
1142.5E-9 2.227244 0 
1145E-9 2.225698 0 
1147.5E-9 2.224167 0 
1150E-9 2.222652 0 
1152.5E-9 2.221152 0 
1155E-9 2.219666 0 
1157.5E-9 2.218195 0 
1160E-9 2.216738 0 
1162.5E-9 2.215296 0 
1165E-9 2.213866 0 
1167.5E-9 2.212451 0 
1170E-9 2.211048 0 
1172.5E-9 2.209659 0 
1175E-9 2.208282 0 
1177.5E-9 2.206918 0 
1180E-9 2.205566 0 
1182.5E-9 2.204226 0 
1185E-9 2.202899 0 
1187.5E-9 2.201582 0 
1190E-9 2.200278 0 
1192.5E-9 2.198985 0 
1195E-9 2.197703 0 
1197.5E-9 2.196432 0 
1200E-9 2.195172 0 
1202.5E-9 2.193922 0 
1205E-9 2.192683 0 
1207.5E-9 2.191454 0 
1210E-9 2.190235 0 
1212.5E-9 2.189026 0 
1215E-9 2.187827 0 
1217.5E-9 2.186638 0 
1220E-9 2.185458 0 
1222.5E-9 2.184287 0 
1225E-9 2.183126 0 
1227.5E-9 2.181973 0 
1230E-9 2.18083 0 
1232.5E-9 2.179695 0 
1235E-9 2.178569 0 
1237.5E-9 2.177451 0 
1240E-9 2.176342 0 
1242.5E-9 2.175241 0 
1245E-9 2.174148 0 
1247.5E-9 2.173063 0 
1250E-9 2.171986 0 
1252.5E-9 2.170917 0 
1255E-9 2.169855 0 
1257.5E-9 2.168801 0 
1260E-9 2.167754 0 
1262.5E-9 2.166714 0 
1265E-9 2.165682 0 
1267.5E-9 2.164657 0 
1270E-9 2.163639 0 
1272.5E-9 2.162628 0 
1275E-9 2.161623 0 
1277.5E-9 2.160625 0 
1280E-9 2.159634 0 
1282.5E-9 2.158649 0 
1285E-9 2.157671 0 
1287.5E-9 2.156699 0 
1290E-9 2.155733 0 
1292.5E-9 2.154774 0 
1295E-9 2.15382 0 
1297.5E-9 2.152873 0 
1300E-9 2.151931 0 
1302.5E-9 2.150995 0 
1305E-9 2.150065 0 
1307.5E-9 2.14914 0 
1310E-9 2.148221 0 
1312.5E-9 2.147308 0 
1315E-9 2.146399 0 
1317.5E-9 2.145497 0 
1320E-9 2.144599 0 
1322.5E-9 2.143707 0 
1325E-9 2.14282 0 
1327.5E-9 2.141937 0 
1330E-9 2.14106 0 
1332.5E-9 2.140188 0 
1335E-9 2.139321 0 
1337.5E-9 2.138458 0 
1340E-9 2.1376 0 
1342.5E-9 2.136747 0 
1345E-9 2.135899 0 
1347.5E-9 2.135055 0 
1350E-9 2.134215 0 
1352.5E-9 2.13338 0 
1355E-9 2.132549 0 
1357.5E-9 2.131723 0 
1360E-9 2.130901 0 
1362.5E-9 2.130083 0 
1365E-9 2.129269 0 
1367.5E-9 2.128459 0 
1370E-9 2.127653 0 
1372.5E-9 2.126851 0 
1375E-9 2.126054 0 
1377.5E-9 2.12526 0 
1380E-9 2.12447 0 
1382.5E-9 2.123683 0 
1385E-9 2.122901 0 
1387.5E-9 2.122122 0 
1390E-9 2.121346 0 
1392.5E-9 2.120575 0 
1395E-9 2.119807 0 
1397.5E-9 2.119042 0 
1400E-9 2.118281 0 
1402.5E-9 2.117523 0 
1405E-9 2.116769 0 
1407.5E-9 2.116018 0 
1410E-9 2.11527 0 
1412.5E-9 2.114526 0 
1415E-9 2.113785 0 
1417.5E-9 2.113046 0 
1420E-9 2.112311 0 
1422.5E-9 2.11158 0 
1425E-9 2.110851 0 
1427.5E-9 2.110125 0 
1430E-9 2.109402 0 
1432.5E-9 2.108682 0 
1435E-9 2.107965 0 
1437.5E-9 2.107251 0 
1440E-9 2.10654 0 
1442.5E-9 2.105832 0 
1445E-9 2.105126 0 
1447.5E-9 2.104423 0 
1450E-9 2.103723 0 
1452.5E-9 2.103025 0 
1455E-9 2.10233 0 
1457.5E-9 2.101638 0 
1460E-9 2.100948 0 
1462.5E-9 2.100261 0 
1465E-9 2.099576 0 
1467.5E-9 2.098894 0 
1470E-9 2.098214 0 
1472.5E-9 2.097537 0 
1475E-9 2.096862 0 
1477.5E-9 2.096189 0 
1480E-9 2.095519 0 
1482.5E-9 2.094851 0 
1485E-9 2.094186 0 
1487.5E-9 2.093522 0 
1490E-9 2.092861 0 
1492.5E-9 2.092202 0 
1495E-9 2.091545 0 
1497.5E-9 2.09089 0 
1500E-9 2.090238 0 
1502.5E-9 2.089587 0 
1505E-9 2.088939 0 
1507.5E-9 2.088293 0 
1510E-9 2.087648 0 
1512.5E-9 2.087006 0 
1515E-9 2.086366 0 
1517.5E-9 2.085727 0 
1520E-9 2.085091 0 
1522.5E-9 2.084456 0 
1525E-9 2.083824 0 
1527.5E-9 2.083193 0 
1530E-9 2.082564 0 
1532.5E-9 2.081937 0 
1535E-9 2.081312 0 
1537.5E-9 2.080688 0 
1540E-9 2.080066 0 
1542.5E-9 2.079446 0 
1545E-9 2.078828 0 
1547.5E-9 2.078211 0 
1550E-9 2.077596 0 
1552.5E-9 2.076983 0 
1555E-9 2.076371 0 
1557.5E-9 2.075761 0 
1560E-9 2.075152 0 
1562.5E-9 2.074545 0 
1565E-9 2.07394 0 
1567.5E-9 2.073336 0 
1570E-9 2.072734 0 
1572.5E-9 2.072133 0 
1575E-9 2.071534 0 
1577.5E-9 2.070936 0 
1580E-9 2.070339 0 
1582.5E-9 2.069744 0 
1585E-9 2.069151 0 
1587.5E-9 2.068559 0 
1590E-9 2.067968 0 
1592.5E-9 2.067379 0 
1595E-9 2.06679 0 
1597.5E-9 2.066204 0 
1600E-9 2.065618 0 
1602.5E-9 2.065034 0 
1605E-9 2.064451 0 
1607.5E-9 2.06387 0 
1610E-9 2.063289 0 
1612.5E-9 2.06271 0 
1615E-9 2.062132 0 
1617.5E-9 2.061556 0 
1620E-9 2.06098 0 
1622.5E-9 2.060406 0 
1625E-9 2.059833 0 
1627.5E-9 2.059261 0 
1630E-9 2.05869 0 
1632.5E-9 2.05812 0 
1635E-9 2.057552 0 
1637.5E-9 2.056984 0 
1640E-9 2.056418 0 
1642.5E-9 2.055853 0 
1645E-9 2.055289 0 
1647.5E-9 2.054725 0 
1650E-9 2.054163 0 
1652.5E-9 2.053602 0 
1655E-9 2.053042 0 
1657.5E-9 2.052483 0 
1660E-9 2.051924 0 
1662.5E-9 2.051367 0 
1665E-9 2.050811 0 
1667.5E-9 2.050256 0 
1670E-9 2.049701 0 
1672.5E-9 2.049148 0 
1675E-9 2.048596 0 
1677.5E-9 2.048044 0 
1680E-9 2.047493 0 
1682.5E-9 2.046943 0 
1685E-9 2.046394 0 
1687.5E-9 2.045846 0 
1690E-9 2.045299 0 
