lambda n k
300E-9 1.63425 0.19052 
301E-9 1.64087 0.19686 
302E-9 1.64719 0.20246 
303E-9 1.65332 0.20753 
304E-9 1.65912 0.21178 
305E-9 1.66435 0.21456 
306E-9 1.66924 0.21649 
307E-9 1.67339 0.21654 
308E-9 1.67694 0.21518 
309E-9 1.68007 0.21286 
310E-9 1.68225 0.209 
311E-9 1.68405 0.20486 
312E-9 1.68533 0.2003 
313E-9 1.68591 0.19582 
314E-9 1.68615 0.19155 
315E-9 1.68575 0.18793 
316E-9 1.6849 0.18509 
317E-9 1.68376 0.18275 
318E-9 1.68219 0.18139 
319E-9 1.68056 0.18037 
320E-9 1.67883 0.17976 
321E-9 1.6772 0.17957 
322E-9 1.67569 0.17952 
323E-9 1.67445 0.17965 
324E-9 1.67358 0.17981 
325E-9 1.67295 0.17997 
326E-9 1.6728 0.18012 
327E-9 1.67286 0.18025 
328E-9 1.67313 0.18035 
329E-9 1.6737 0.18039 
330E-9 1.67437 0.1804 
331E-9 1.67521 0.18036 
332E-9 1.67615 0.18024 
333E-9 1.67715 0.18007 
334E-9 1.67824 0.17977 
335E-9 1.67938 0.17934 
336E-9 1.68058 0.1788 
337E-9 1.68187 0.17797 
338E-9 1.68322 0.17697 
339E-9 1.68464 0.17571 
340E-9 1.68615 0.17411 
341E-9 1.68771 0.1723 
342E-9 1.68938 0.17003 
343E-9 1.69108 0.16748 
344E-9 1.6928 0.16469 
345E-9 1.69442 0.16147 
346E-9 1.69594 0.1581 
347E-9 1.6973 0.15449 
348E-9 1.69835 0.15065 
349E-9 1.69923 0.1467 
350E-9 1.69966 0.14256 
351E-9 1.69973 0.1383 
352E-9 1.69951 0.13398 
353E-9 1.69859 0.12955 
354E-9 1.69739 0.12515 
355E-9 1.69575 0.12077 
356E-9 1.6936 0.11655 
357E-9 1.69117 0.11242 
358E-9 1.68823 0.10856 
359E-9 1.68491 0.10498 
360E-9 1.68134 0.10158 
361E-9 1.67717 0.09876 
362E-9 1.67277 0.09622 
363E-9 1.66802 0.0941 
364E-9 1.66294 0.09254 
365E-9 1.65773 0.09124 
366E-9 1.65239 0.09043 
367E-9 1.64707 0.08995 
368E-9 1.64178 0.0897 
369E-9 1.63673 0.0899 
370E-9 1.63191 0.09029 
371E-9 1.62734 0.09091 
372E-9 1.62336 0.09182 
373E-9 1.6197 0.09286 
374E-9 1.61668 0.0941 
375E-9 1.61421 0.09546 
376E-9 1.61207 0.0969 
377E-9 1.61056 0.09842 
378E-9 1.6093 0.09994 
379E-9 1.60833 0.10145 
380E-9 1.60771 0.10288 
381E-9 1.60721 0.10425 
382E-9 1.60689 0.10549 
383E-9 1.60667 0.10656 
384E-9 1.6065 0.10751 
385E-9 1.60633 0.10816 
386E-9 1.60613 0.10863 
387E-9 1.6059 0.10893 
388E-9 1.60561 0.10894 
389E-9 1.6053 0.10884 
390E-9 1.60496 0.10857 
391E-9 1.60458 0.10816 
392E-9 1.60419 0.10768 
393E-9 1.60377 0.10706 
394E-9 1.60334 0.10639 
395E-9 1.6029 0.10568 
396E-9 1.60244 0.10492 
397E-9 1.60198 0.10415 
398E-9 1.60152 0.10338 
399E-9 1.60105 0.10262 
400E-9 1.60058 0.10187 
401E-9 1.6001 0.10113 
402E-9 1.59961 0.10041 
403E-9 1.59911 0.09969 
404E-9 1.59859 0.09899 
405E-9 1.59805 0.0983 
406E-9 1.59749 0.09762 
407E-9 1.59689 0.09694 
408E-9 1.59628 0.09628 
409E-9 1.59564 0.09563 
410E-9 1.59496 0.09498 
411E-9 1.59426 0.09434 
412E-9 1.5935 0.09371 
413E-9 1.59272 0.09309 
414E-9 1.59191 0.09248 
415E-9 1.59108 0.09189 
416E-9 1.59023 0.0913 
417E-9 1.58935 0.09073 
418E-9 1.58847 0.09019 
419E-9 1.58758 0.08965 
420E-9 1.58668 0.08914 
421E-9 1.58578 0.08866 
422E-9 1.58488 0.08819 
423E-9 1.58399 0.08776 
424E-9 1.58311 0.08734 
425E-9 1.58223 0.08695 
426E-9 1.58138 0.0866 
427E-9 1.58053 0.08627 
428E-9 1.57971 0.08597 
429E-9 1.57889 0.08568 
430E-9 1.57809 0.08542 
431E-9 1.57729 0.08517 
432E-9 1.57649 0.08492 
433E-9 1.5757 0.08469 
434E-9 1.5749 0.08446 
435E-9 1.57411 0.08423 
436E-9 1.57331 0.08399 
437E-9 1.5725 0.08375 
438E-9 1.57169 0.08351 
439E-9 1.57086 0.08324 
440E-9 1.57003 0.08297 
441E-9 1.56918 0.08268 
442E-9 1.56831 0.08236 
443E-9 1.56744 0.08204 
444E-9 1.56654 0.08172 
445E-9 1.56563 0.0814 
446E-9 1.56471 0.08108 
447E-9 1.56376 0.0808 
448E-9 1.56281 0.08053 
449E-9 1.56184 0.08031 
450E-9 1.56085 0.08013 
451E-9 1.55985 0.07999 
452E-9 1.55883 0.07992 
453E-9 1.55779 0.07992 
454E-9 1.55675 0.07996 
455E-9 1.55568 0.08013 
456E-9 1.55461 0.08035 
457E-9 1.55351 0.08066 
458E-9 1.5524 0.08109 
459E-9 1.55128 0.08158 
460E-9 1.55015 0.08219 
461E-9 1.549 0.08286 
462E-9 1.54784 0.08358 
463E-9 1.54666 0.08439 
464E-9 1.54547 0.08523 
465E-9 1.54427 0.0861 
466E-9 1.54306 0.08699 
467E-9 1.54185 0.08789 
468E-9 1.54062 0.0888 
469E-9 1.53938 0.0897 
470E-9 1.53813 0.0906 
471E-9 1.53687 0.09145 
472E-9 1.53561 0.09228 
473E-9 1.53434 0.09307 
474E-9 1.53306 0.0938 
475E-9 1.53177 0.09448 
476E-9 1.53047 0.09508 
477E-9 1.52917 0.09562 
478E-9 1.52786 0.09612 
479E-9 1.52652 0.09656 
480E-9 1.52518 0.09697 
481E-9 1.52382 0.09738 
482E-9 1.52242 0.09778 
483E-9 1.52101 0.09819 
484E-9 1.51957 0.09863 
485E-9 1.5181 0.09912 
486E-9 1.51661 0.09963 
487E-9 1.51507 0.10023 
488E-9 1.51349 0.1009 
489E-9 1.51189 0.10163 
490E-9 1.51023 0.1025 
491E-9 1.50854 0.10345 
492E-9 1.5068 0.10452 
493E-9 1.50501 0.10574 
494E-9 1.50318 0.10706 
495E-9 1.50129 0.10858 
496E-9 1.49936 0.11023 
497E-9 1.49738 0.11201 
498E-9 1.49535 0.11397 
499E-9 1.49328 0.11602 
500E-9 1.49118 0.11817 
501E-9 1.48904 0.12042 
502E-9 1.48687 0.12272 
503E-9 1.48467 0.1251 
504E-9 1.48245 0.12751 
505E-9 1.48021 0.12995 
506E-9 1.47794 0.1324 
507E-9 1.47566 0.13485 
508E-9 1.47336 0.13729 
509E-9 1.47105 0.13969 
510E-9 1.46874 0.14206 
511E-9 1.46641 0.14436 
512E-9 1.46408 0.1466 
513E-9 1.46175 0.14879 
514E-9 1.45941 0.15082 
515E-9 1.45707 0.15279 
516E-9 1.45472 0.15465 
517E-9 1.45239 0.15635 
518E-9 1.45004 0.15797 
519E-9 1.4477 0.15948 
520E-9 1.44534 0.16093 
521E-9 1.44297 0.16234 
522E-9 1.44058 0.16371 
523E-9 1.43817 0.1651 
524E-9 1.43573 0.1665 
525E-9 1.43326 0.16797 
526E-9 1.43077 0.16949 
527E-9 1.42823 0.1711 
528E-9 1.42565 0.17284 
529E-9 1.42305 0.17466 
530E-9 1.42038 0.1767 
531E-9 1.41768 0.17889 
532E-9 1.41493 0.18122 
533E-9 1.41212 0.18386 
534E-9 1.40927 0.18666 
535E-9 1.40637 0.18973 
536E-9 1.4034 0.19311 
537E-9 1.4004 0.19667 
538E-9 1.39733 0.20067 
539E-9 1.39421 0.20494 
540E-9 1.39105 0.20947 
541E-9 1.38783 0.21448 
542E-9 1.38459 0.21967 
543E-9 1.38132 0.22517 
544E-9 1.37805 0.23095 
545E-9 1.37478 0.23687 
546E-9 1.37153 0.24305 
547E-9 1.3683 0.24936 
548E-9 1.36508 0.25578 
549E-9 1.36193 0.26237 
550E-9 1.35881 0.269 
551E-9 1.35575 0.27569 
552E-9 1.35276 0.28242 
553E-9 1.34982 0.28914 
554E-9 1.34697 0.29584 
555E-9 1.34419 0.30249 
556E-9 1.34147 0.3091 
557E-9 1.33888 0.31555 
558E-9 1.33635 0.32192 
559E-9 1.33391 0.32816 
560E-9 1.33158 0.33417 
561E-9 1.32932 0.34006 
562E-9 1.32717 0.34569 
563E-9 1.32513 0.35108 
564E-9 1.32314 0.3563 
565E-9 1.3213 0.36112 
566E-9 1.31952 0.36576 
567E-9 1.31782 0.3702 
568E-9 1.31621 0.37442 
569E-9 1.31465 0.37857 
570E-9 1.31317 0.3826 
571E-9 1.31174 0.38661 
572E-9 1.31035 0.39061 
573E-9 1.30903 0.39467 
574E-9 1.30775 0.39882 
575E-9 1.30649 0.40305 
576E-9 1.3053 0.40752 
577E-9 1.30412 0.41213 
578E-9 1.30299 0.41699 
579E-9 1.3019 0.42218 
580E-9 1.30083 0.42756 
581E-9 1.29981 0.43342 
582E-9 1.29882 0.43961 
583E-9 1.29787 0.44609 
584E-9 1.29698 0.45323 
585E-9 1.29613 0.46069 
586E-9 1.29533 0.46865 
587E-9 1.29461 0.47727 
588E-9 1.29394 0.48624 
589E-9 1.29337 0.49596 
590E-9 1.29289 0.50625 
591E-9 1.29247 0.51695 
592E-9 1.29224 0.52866 
593E-9 1.2921 0.54077 
594E-9 1.2921 0.55345 
595E-9 1.29236 0.56678 
596E-9 1.29277 0.58039 
597E-9 1.29348 0.59448 
598E-9 1.29446 0.60883 
599E-9 1.29563 0.62335 
600E-9 1.29727 0.63812 
601E-9 1.29914 0.65292 
602E-9 1.30129 0.66777 
603E-9 1.30389 0.68255 
604E-9 1.30672 0.69727 
605E-9 1.30994 0.71183 
606E-9 1.31352 0.72614 
607E-9 1.31733 0.7403 
608E-9 1.32162 0.75402 
609E-9 1.32617 0.76745 
610E-9 1.33098 0.78057 
611E-9 1.33624 0.79306 
612E-9 1.34171 0.80523 
613E-9 1.3475 0.81685 
614E-9 1.35364 0.82784 
615E-9 1.35997 0.83846 
616E-9 1.36668 0.84826 
617E-9 1.37364 0.85749 
618E-9 1.38079 0.86626 
619E-9 1.38834 0.87399 
620E-9 1.39607 0.88126 
621E-9 1.40406 0.8878 
622E-9 1.41236 0.89342 
623E-9 1.42083 0.89856 
624E-9 1.42962 0.90276 
625E-9 1.43861 0.90637 
626E-9 1.44775 0.90958 
627E-9 1.4572 0.91198 
628E-9 1.46676 0.91412 
629E-9 1.47648 0.91589 
630E-9 1.48639 0.91726 
631E-9 1.4964 0.91847 
632E-9 1.50656 0.91943 
633E-9 1.51683 0.92026 
634E-9 1.52717 0.92101 
635E-9 1.53763 0.92171 
636E-9 1.54814 0.92244 
637E-9 1.5587 0.9232 
638E-9 1.56932 0.92411 
639E-9 1.57996 0.92513 
640E-9 1.59062 0.92634 
641E-9 1.60128 0.92782 
642E-9 1.61193 0.92947 
643E-9 1.62255 0.93153 
644E-9 1.63314 0.93388 
645E-9 1.64369 0.9365 
646E-9 1.65416 0.93972 
647E-9 1.66457 0.94321 
648E-9 1.67491 0.94717 
649E-9 1.68513 0.95172 
650E-9 1.69529 0.95659 
651E-9 1.7053 0.96216 
652E-9 1.71521 0.96825 
653E-9 1.72503 0.97471 
654E-9 1.73465 0.9821 
655E-9 1.74419 0.98991 
656E-9 1.75359 0.9983 
657E-9 1.76282 1.00749 
658E-9 1.77198 1.01704 
659E-9 1.78103 1.02721 
660E-9 1.79003 1.03774 
661E-9 1.79901 1.04851 
662E-9 1.80797 1.05963 
663E-9 1.81696 1.07084 
664E-9 1.82597 1.08215 
665E-9 1.83507 1.09346 
666E-9 1.84422 1.10474 
667E-9 1.85347 1.1159 
668E-9 1.86285 1.12685 
669E-9 1.87231 1.13765 
670E-9 1.88196 1.14804 
671E-9 1.89174 1.15812 
672E-9 1.90164 1.16792 
673E-9 1.9118 1.17705 
674E-9 1.92208 1.18584 
675E-9 1.93256 1.19408 
676E-9 1.94329 1.2016 
677E-9 1.95415 1.20871 
678E-9 1.96531 1.21496 
679E-9 1.97669 1.22054 
680E-9 1.98822 1.22564 
681E-9 2.00016 1.22952 
682E-9 2.01228 1.23285 
683E-9 2.02465 1.23542 
684E-9 2.03741 1.23685 
685E-9 2.05037 1.23769 
686E-9 2.0637 1.23742 
687E-9 2.07739 1.23617 
688E-9 2.0913 1.23429 
689E-9 2.10575 1.23095 
690E-9 2.12051 1.22684 
691E-9 2.13559 1.22189 
692E-9 2.15127 1.21546 
693E-9 2.16725 1.20834 
694E-9 2.18374 1.20004 
695E-9 2.20075 1.19059 
696E-9 2.21805 1.18049 
697E-9 2.2359 1.16915 
698E-9 2.25405 1.15714 
699E-9 2.27245 1.14456 
700E-9 2.29128 1.13096 
701E-9 2.31026 1.11699 
702E-9 2.32947 1.10245 
703E-9 2.34888 1.08732 
704E-9 2.36838 1.0719 
705E-9 2.38802 1.05601 
706E-9 2.40771 1.03982 
707E-9 2.42742 1.02343 
708E-9 2.44711 1.00669 
709E-9 2.46674 0.98984 
710E-9 2.48631 0.97285 
711E-9 2.5057 0.95572 
712E-9 2.52497 0.93854 
713E-9 2.54402 0.92131 
714E-9 2.56278 0.90407 
715E-9 2.58137 0.88685 
716E-9 2.59952 0.86968 
717E-9 2.61736 0.85257 
718E-9 2.63491 0.83552 
719E-9 2.65184 0.81863 
720E-9 2.66845 0.80182 
721E-9 2.68456 0.78516 
722E-9 2.70003 0.76868 
723E-9 2.71513 0.75232 
724E-9 2.72946 0.73619 
725E-9 2.7432 0.72024 
726E-9 2.75651 0.70442 
727E-9 2.76873 0.68893 
728E-9 2.78046 0.67359 
729E-9 2.79152 0.65845 
730E-9 2.80154 0.64361 
731E-9 2.81101 0.62894 
732E-9 2.8195 0.61454 
733E-9 2.82706 0.60041 
734E-9 2.83403 0.58644 
735E-9 2.83966 0.57284 
736E-9 2.84452 0.55944 
737E-9 2.84861 0.54625 
738E-9 2.85135 0.5334 
739E-9 2.8535 0.5207 
740E-9 2.85473 0.50823 
741E-9 2.85497 0.49601 
742E-9 2.85468 0.48391 
743E-9 2.85337 0.47205 
744E-9 2.85139 0.46036 
745E-9 2.84893 0.44878 
746E-9 2.8454 0.43745 
747E-9 2.84146 0.42622 
748E-9 2.83693 0.41514 
749E-9 2.83162 0.40424 
750E-9 2.82595 0.39343 
751E-9 2.81963 0.38278 
752E-9 2.81278 0.37228 
753E-9 2.80561 0.36186 
754E-9 2.79776 0.35162 
755E-9 2.78959 0.34147 
756E-9 2.78109 0.33143 
757E-9 2.77203 0.32156 
758E-9 2.76275 0.31177 
759E-9 2.75311 0.3021 
760E-9 2.74311 0.29257 
761E-9 2.73292 0.28313 
762E-9 2.72239 0.27384 
763E-9 2.71165 0.26466 
764E-9 2.70076 0.25556 
765E-9 2.68958 0.24666 
766E-9 2.67831 0.23783 
767E-9 2.6669 0.22913 
768E-9 2.65534 0.22059 
769E-9 2.64373 0.21214 
770E-9 2.63204 0.20385 
771E-9 2.62031 0.19571 
772E-9 2.60856 0.18766 
773E-9 2.59683 0.17982 
774E-9 2.58513 0.1721 
775E-9 2.57346 0.1645 
776E-9 2.56192 0.15713 
777E-9 2.55045 0.14988 
778E-9 2.5391 0.14279 
779E-9 2.52796 0.13592 
780E-9 2.51692 0.12917 
781E-9 2.50615 0.12266 
782E-9 2.4956 0.11634 
783E-9 2.48521 0.11015 
784E-9 2.47524 0.10427 
785E-9 2.46546 0.09854 
786E-9 2.45593 0.09298 
787E-9 2.44677 0.08771 
788E-9 2.43778 0.08256 
789E-9 2.42909 0.07764 
790E-9 2.42067 0.07294 
791E-9 2.41242 0.06836 
792E-9 2.40451 0.06404 
793E-9 2.39679 0.05988 
794E-9 2.38925 0.05585 
795E-9 2.38205 0.05209 
796E-9 2.37499 0.04845 
797E-9 2.36815 0.04498 
798E-9 2.36156 0.04171 
799E-9 2.35511 0.03856 
800E-9 2.34891 0.0356  
