3e-07 1.45788 0.81154
3.01e-07 1.45535 0.81804
3.02e-07 1.45283 0.82455
3.03e-07 1.45031 0.83105
3.04e-07 1.44778 0.83756
3.05e-07 1.44526 0.84406
3.06e-07 1.44273 0.85056
3.07e-07 1.44021 0.85707
3.08e-07 1.43768 0.86357
3.09e-07 1.43516 0.87007
3.1e-07 1.43568 0.87658
3.11e-07 1.43743 0.88308
3.12e-07 1.43919 0.88958
3.13e-07 1.44094 0.89819
3.14e-07 1.4427 0.90686
3.15e-07 1.44445 0.91554
3.16e-07 1.44621 0.92421
3.17e-07 1.44796 0.93288
3.18e-07 1.44972 0.94156
3.19e-07 1.45148 0.95023
3.2e-07 1.45323 0.9589
3.21e-07 1.45499 0.96758
3.22e-07 1.46204 0.97625
3.23e-07 1.47039 0.98514
3.24e-07 1.47874 0.99409
3.25e-07 1.48708 1.00304
3.26e-07 1.49543 1.01199
3.27e-07 1.50378 1.02094
3.28e-07 1.51213 1.02989
3.29e-07 1.52048 1.03884
3.3e-07 1.52883 1.04779
3.31e-07 1.53812 1.05673
3.32e-07 1.54849 1.06568
3.33e-07 1.55885 1.07463
3.34e-07 1.56922 1.08038
3.35e-07 1.57958 1.08508
3.36e-07 1.58995 1.08979
3.37e-07 1.60031 1.0945
3.38e-07 1.61068 1.09921
3.39e-07 1.62104 1.10392
3.4e-07 1.63141 1.10863
3.41e-07 1.64177 1.11334
3.42e-07 1.65256 1.11805
3.43e-07 1.66387 1.12276
3.44e-07 1.67518 1.12747
3.45e-07 1.68649 1.12942
3.46e-07 1.6978 1.13024
3.47e-07 1.70911 1.13107
3.48e-07 1.72042 1.1319
3.49e-07 1.73173 1.13272
3.5e-07 1.74304 1.13355
3.51e-07 1.75435 1.13437
3.52e-07 1.76566 1.1352
3.53e-07 1.77681 1.13602
3.54e-07 1.78775 1.13685
3.55e-07 1.79868 1.13768
3.56e-07 1.80962 1.1385
3.57e-07 1.82056 1.13933
3.58e-07 1.8315 1.1365
3.59e-07 1.84244 1.13347
3.6e-07 1.85338 1.13043
3.61e-07 1.86432 1.1274
3.62e-07 1.87526 1.12437
3.63e-07 1.88619 1.12134
3.64e-07 1.89713 1.11831
3.65e-07 1.90698 1.11528
3.66e-07 1.91597 1.11225
3.67e-07 1.92495 1.10921
3.68e-07 1.93393 1.10618
3.69e-07 1.94291 1.10309
3.7e-07 1.95189 1.09702
3.71e-07 1.96087 1.09095
3.72e-07 1.96985 1.08488
3.73e-07 1.97883 1.07881
3.74e-07 1.98781 1.07274
3.75e-07 1.99679 1.06667
3.76e-07 2.00577 1.0606
3.77e-07 2.01475 1.05454
3.78e-07 2.02009 1.04847
3.79e-07 2.02468 1.04308
3.8e-07 2.02928 1.03808
3.81e-07 2.03387 1.03309
3.82e-07 2.03846 1.02809
3.83e-07 2.04305 1.02309
3.84e-07 2.04764 1.01809
3.85e-07 2.05223 1.0131
3.86e-07 2.05683 1.0081
3.87e-07 2.06142 1.0031
3.88e-07 2.06601 0.9981
3.89e-07 2.0706 0.9931
3.9e-07 2.07519 0.98811
3.91e-07 2.07978 0.98311
3.92e-07 2.08438 0.97811
3.93e-07 2.08897 0.97307
3.94e-07 2.09356 0.96776
3.95e-07 2.09544 0.96245
3.96e-07 2.09679 0.95714
3.97e-07 2.09814 0.95183
3.98e-07 2.09948 0.94652
3.99e-07 2.10083 0.94121
4e-07 2.10218 0.9359
4.01e-07 2.10352 0.93058
4.02e-07 2.10487 0.92527
4.03e-07 2.10622 0.91996
4.04e-07 2.10756 0.91465
4.05e-07 2.10891 0.90934
4.06e-07 2.11026 0.90403
4.07e-07 2.11161 0.89995
4.08e-07 2.11295 0.89708
4.09e-07 2.1143 0.89421
4.1e-07 2.11565 0.89134
4.11e-07 2.11699 0.88847
4.12e-07 2.11834 0.88559
4.13e-07 2.11969 0.88272
4.14e-07 2.12103 0.87985
4.15e-07 2.12238 0.87698
4.16e-07 2.12373 0.87411
4.17e-07 2.12507 0.87124
4.18e-07 2.12642 0.86837
4.19e-07 2.12777 0.8655
4.2e-07 2.12911 0.86262
4.21e-07 2.13046 0.85975
4.22e-07 2.13181 0.85688
4.23e-07 2.13316 0.8545
4.24e-07 2.1345 0.85319
4.25e-07 2.13585 0.85188
4.26e-07 2.1372 0.85057
4.27e-07 2.13854 0.84926
4.28e-07 2.13989 0.84795
4.29e-07 2.14124 0.84664
4.3e-07 2.14258 0.84532
4.31e-07 2.14393 0.84401
4.32e-07 2.14528 0.8427
4.33e-07 2.14662 0.84139
4.34e-07 2.14797 0.84008
4.35e-07 2.14932 0.83877
4.36e-07 2.15066 0.83746
4.37e-07 2.15201 0.83614
4.38e-07 2.15336 0.83483
4.39e-07 2.15471 0.83352
4.4e-07 2.15605 0.83221
4.41e-07 2.1574 0.8309
4.42e-07 2.15875 0.82959
4.43e-07 2.16009 0.82897
4.44e-07 2.16144 0.8286
4.45e-07 2.16279 0.82823
4.46e-07 2.16413 0.82786
4.47e-07 2.16548 0.8275
4.48e-07 2.16683 0.82713
4.49e-07 2.16876 0.82676
4.5e-07 2.17161 0.82639
4.51e-07 2.17445 0.82602
4.52e-07 2.1773 0.82566
4.53e-07 2.18014 0.82529
4.54e-07 2.18299 0.82492
4.55e-07 2.18584 0.82455
4.56e-07 2.18868 0.82418
4.57e-07 2.19153 0.82382
4.58e-07 2.19437 0.82345
4.59e-07 2.19722 0.82308
4.6e-07 2.20006 0.82271
4.61e-07 2.20291 0.82235
4.62e-07 2.20576 0.82198
4.63e-07 2.2086 0.82161
4.64e-07 2.21145 0.82124
4.65e-07 2.21429 0.82087
4.66e-07 2.21714 0.82051
4.67e-07 2.21998 0.82014
4.68e-07 2.22283 0.81977
4.69e-07 2.22568 0.8194
4.7e-07 2.22852 0.81881
4.71e-07 2.23137 0.81799
4.72e-07 2.23421 0.81717
4.73e-07 2.23733 0.81636
4.74e-07 2.24065 0.81554
4.75e-07 2.24397 0.81472
4.76e-07 2.24729 0.8139
4.77e-07 2.25061 0.81308
4.78e-07 2.25393 0.81227
4.79e-07 2.25724 0.81145
4.8e-07 2.26056 0.81063
4.81e-07 2.26388 0.80981
4.82e-07 2.2672 0.809
4.83e-07 2.27052 0.80818
4.84e-07 2.27384 0.80736
4.85e-07 2.27715 0.80654
4.86e-07 2.28047 0.80572
4.87e-07 2.28379 0.80491
4.88e-07 2.28711 0.80409
4.89e-07 2.29043 0.80221
4.9e-07 2.29375 0.80001
4.91e-07 2.29706 0.7978
4.92e-07 2.30038 0.7956
4.93e-07 2.30392 0.7934
4.94e-07 2.30843 0.7912
4.95e-07 2.31294 0.789
4.96e-07 2.31745 0.7868
4.97e-07 2.32197 0.78459
4.98e-07 2.32648 0.78239
4.99e-07 2.33099 0.78019
5e-07 2.3355 0.77799
5.01e-07 2.34001 0.77579
5.02e-07 2.34452 0.77359
5.03e-07 2.34903 0.77138
5.04e-07 2.35354 0.76918
5.05e-07 2.35805 0.76698
5.06e-07 2.36257 0.76478
5.07e-07 2.36708 0.76253
5.08e-07 2.37159 0.7589
5.09e-07 2.37603 0.75526
5.1e-07 2.37868 0.75162
5.11e-07 2.38134 0.74798
5.12e-07 2.384 0.74434
5.13e-07 2.38665 0.7407
5.14e-07 2.38931 0.73706
5.15e-07 2.39197 0.73342
5.16e-07 2.39462 0.72978
5.17e-07 2.39728 0.72614
5.18e-07 2.39994 0.7225
5.19e-07 2.40259 0.71886
5.2e-07 2.40525 0.71522
5.21e-07 2.40791 0.71158
5.22e-07 2.41056 0.70794
5.23e-07 2.41322 0.7043
5.24e-07 2.41588 0.70066
5.25e-07 2.41853 0.69737
5.26e-07 2.42119 0.69409
5.27e-07 2.42385 0.69081
5.28e-07 2.4265 0.68752
5.29e-07 2.42916 0.68424
5.3e-07 2.43182 0.68095
5.31e-07 2.43447 0.67767
5.32e-07 2.43713 0.67438
5.33e-07 2.43979 0.6711
5.34e-07 2.44244 0.66781
5.35e-07 2.44413 0.66453
5.36e-07 2.44497 0.66124
5.37e-07 2.44581 0.65796
5.38e-07 2.44664 0.65467
5.39e-07 2.44748 0.65139
5.4e-07 2.44832 0.6481
5.41e-07 2.44915 0.64482
5.42e-07 2.44999 0.64153
5.43e-07 2.45083 0.63825
5.44e-07 2.45166 0.63496
5.45e-07 2.4525 0.63175
5.46e-07 2.45334 0.6286
5.47e-07 2.45417 0.62544
5.48e-07 2.45501 0.62229
5.49e-07 2.45585 0.61914
5.5e-07 2.45668 0.61599
5.51e-07 2.45752 0.61283
5.52e-07 2.45836 0.60968
5.53e-07 2.4592 0.60653
5.54e-07 2.46003 0.60337
5.55e-07 2.46087 0.60022
5.56e-07 2.46171 0.59707
5.57e-07 2.46254 0.59391
5.58e-07 2.46338 0.59076
5.59e-07 2.46422 0.58761
5.6e-07 2.46505 0.58446
5.61e-07 2.46589 0.5813
5.62e-07 2.46673 0.57815
5.63e-07 2.46756 0.575
5.64e-07 2.4684 0.57184
5.65e-07 2.46924 0.56869
5.66e-07 2.47003 0.56559
5.67e-07 2.47005 0.56267
5.68e-07 2.47006 0.55976
5.69e-07 2.47007 0.55684
5.7e-07 2.47008 0.55392
5.71e-07 2.4701 0.551
5.72e-07 2.47011 0.54808
5.73e-07 2.47012 0.54516
5.74e-07 2.47014 0.54224
5.75e-07 2.47015 0.53932
5.76e-07 2.47016 0.53641
5.77e-07 2.47018 0.53349
5.78e-07 2.47019 0.53057
5.79e-07 2.4702 0.52765
5.8e-07 2.47021 0.52473
5.81e-07 2.47023 0.52181
5.82e-07 2.47024 0.51889
5.83e-07 2.47025 0.51597
5.84e-07 2.47027 0.51306
5.85e-07 2.47028 0.51014
5.86e-07 2.47029 0.50722
5.87e-07 2.47031 0.5043
5.88e-07 2.47032 0.50138
5.89e-07 2.47033 0.49864
5.9e-07 2.47034 0.49648
5.91e-07 2.47036 0.49432
5.92e-07 2.47037 0.49215
5.93e-07 2.47038 0.48999
5.94e-07 2.4704 0.48783
5.95e-07 2.47041 0.48567
5.96e-07 2.47035 0.48351
5.97e-07 2.47008 0.48134
5.98e-07 2.46981 0.47918
5.99e-07 2.46954 0.47702
6e-07 2.46927 0.47486
6.01e-07 2.46899 0.47269
6.02e-07 2.46872 0.47053
6.03e-07 2.46845 0.46837
6.04e-07 2.46818 0.46621
6.05e-07 2.46791 0.46405
6.06e-07 2.46764 0.46188
6.07e-07 2.46737 0.45972
6.08e-07 2.4671 0.45756
6.09e-07 2.46683 0.4554
6.1e-07 2.46656 0.45323
6.11e-07 2.46629 0.45107
6.12e-07 2.46602 0.44891
6.13e-07 2.46575 0.44688
6.14e-07 2.46548 0.44507
6.15e-07 2.46521 0.44325
6.16e-07 2.46494 0.44144
6.17e-07 2.46467 0.43962
6.18e-07 2.4644 0.43781
6.19e-07 2.46413 0.436
6.2e-07 2.46386 0.43418
6.21e-07 2.46358 0.43237
6.22e-07 2.46331 0.43055
6.23e-07 2.46304 0.42874
6.24e-07 2.46277 0.42692
6.25e-07 2.4625 0.42511
6.26e-07 2.46223 0.4233
6.27e-07 2.46196 0.42148
6.28e-07 2.46169 0.41967
6.29e-07 2.46142 0.41785
6.3e-07 2.46115 0.41604
6.31e-07 2.46088 0.41422
6.32e-07 2.46061 0.41241
6.33e-07 2.4601 0.41059
6.34e-07 2.45947 0.40878
6.35e-07 2.45884 0.40697
6.36e-07 2.45822 0.40515
6.37e-07 2.45759 0.40334
6.38e-07 2.45696 0.40152
6.39e-07 2.45633 0.40039
6.4e-07 2.4557 0.39939
6.41e-07 2.45507 0.39838
6.42e-07 2.45444 0.39738
6.43e-07 2.45382 0.39638
6.44e-07 2.45319 0.39538
6.45e-07 2.45256 0.39437
6.46e-07 2.45193 0.39337
6.47e-07 2.4513 0.39237
6.48e-07 2.45067 0.39137
6.49e-07 2.45004 0.39036
6.5e-07 2.44942 0.38936
6.51e-07 2.44879 0.38836
6.52e-07 2.44816 0.38736
6.53e-07 2.44753 0.38635
6.54e-07 2.4469 0.38535
6.55e-07 2.44627 0.38435
6.56e-07 2.44565 0.38335
6.57e-07 2.44502 0.38234
6.58e-07 2.44439 0.38134
6.59e-07 2.44376 0.38034
6.6e-07 2.44313 0.37934
6.61e-07 2.4425 0.37833
6.62e-07 2.44187 0.37733
6.63e-07 2.44125 0.37633
6.64e-07 2.44062 0.37537
6.65e-07 2.44019 0.37451
6.66e-07 2.44021 0.37365
6.67e-07 2.44022 0.3728
6.68e-07 2.44023 0.37194
6.69e-07 2.44024 0.37108
6.7e-07 2.44026 0.37022
6.71e-07 2.44027 0.36937
6.72e-07 2.44028 0.36851
6.73e-07 2.4403 0.36765
6.74e-07 2.44031 0.36679
6.75e-07 2.44032 0.36594
6.76e-07 2.44034 0.36508
6.77e-07 2.44035 0.36422
6.78e-07 2.44036 0.36336
6.79e-07 2.44037 0.36251
6.8e-07 2.44039 0.36165
6.81e-07 2.4404 0.36079
6.82e-07 2.44041 0.35993
6.83e-07 2.44043 0.35908
6.84e-07 2.44044 0.35822
6.85e-07 2.44045 0.35736
6.86e-07 2.44047 0.3565
6.87e-07 2.44048 0.35565
6.88e-07 2.44049 0.35496
6.89e-07 2.4405 0.35446
6.9e-07 2.44052 0.35397
6.91e-07 2.44053 0.35347
6.92e-07 2.44054 0.35298
6.93e-07 2.44056 0.35248
6.94e-07 2.44057 0.35199
6.95e-07 2.44058 0.35149
6.96e-07 2.44059 0.351
6.97e-07 2.4409 0.3505
6.98e-07 2.44128 0.35001
6.99e-07 2.44165 0.34951
7e-07 2.44202 0.34902
7.01e-07 2.44239 0.34852
7.02e-07 2.44276 0.34803
7.03e-07 2.44313 0.34753
7.04e-07 2.44351 0.34704
7.05e-07 2.44388 0.34654
7.06e-07 2.44425 0.34605
7.07e-07 2.44462 0.34555
7.08e-07 2.44499 0.34507
7.09e-07 2.44536 0.34482
7.1e-07 2.44573 0.34456
7.11e-07 2.44611 0.34431
7.12e-07 2.44648 0.34406
7.13e-07 2.44685 0.34381
7.14e-07 2.44722 0.34356
7.15e-07 2.44759 0.3433
7.16e-07 2.44796 0.34305
7.17e-07 2.44834 0.3428
7.18e-07 2.44871 0.34255
7.19e-07 2.44908 0.3423
7.2e-07 2.44945 0.34204
7.21e-07 2.44982 0.34179
7.22e-07 2.45019 0.34154
7.23e-07 2.45056 0.34129
7.24e-07 2.45094 0.34104
7.25e-07 2.45131 0.34078
7.26e-07 2.45318 0.34053
7.27e-07 2.45523 0.34028
7.28e-07 2.45727 0.33972
7.29e-07 2.45932 0.3388
7.3e-07 2.46136 0.33787
7.31e-07 2.46341 0.33695
7.32e-07 2.46546 0.33602
7.33e-07 2.4675 0.3351
7.34e-07 2.46955 0.33417
7.35e-07 2.47159 0.33325
7.36e-07 2.47364 0.33233
7.37e-07 2.47569 0.3314
7.38e-07 2.47773 0.33048
7.39e-07 2.47978 0.32955
7.4e-07 2.48182 0.32863
7.41e-07 2.48387 0.3277
7.42e-07 2.48592 0.32678
7.43e-07 2.48796 0.32585
7.44e-07 2.49001 0.32493
7.45e-07 2.49206 0.32401
7.46e-07 2.4941 0.32308
7.47e-07 2.49615 0.32216
7.48e-07 2.49819 0.32123
7.49e-07 2.50024 0.32031
7.5e-07 2.50229 0.31883
7.51e-07 2.50437 0.31618
7.52e-07 2.50652 0.31353
7.53e-07 2.50867 0.31087
7.54e-07 2.51081 0.30822
7.55e-07 2.51296 0.30557
7.56e-07 2.51511 0.30292
7.57e-07 2.51726 0.30027
7.58e-07 2.51941 0.29762
7.59e-07 2.52155 0.29497
7.6e-07 2.5237 0.29232
7.61e-07 2.52585 0.28966
7.62e-07 2.528 0.28701
7.63e-07 2.53015 0.28436
7.64e-07 2.53229 0.27995
7.65e-07 2.53444 0.27474
7.66e-07 2.53659 0.26954
7.67e-07 2.53874 0.26434
7.68e-07 2.53938 0.25914
7.69e-07 2.53749 0.25394
7.7e-07 2.5356 0.24873
7.71e-07 2.53371 0.24353
7.72e-07 2.53181 0.23833
7.73e-07 2.52992 0.23313
7.74e-07 2.52803 0.22793
7.75e-07 2.52614 0.22273
7.76e-07 2.52425 0.21802
7.77e-07 2.52236 0.21346
7.78e-07 2.52047 0.20891
7.79e-07 2.51858 0.20436
7.8e-07 2.51669 0.19981
7.81e-07 2.5148 0.19526
7.82e-07 2.51226 0.19071
7.83e-07 2.50951 0.18616
7.84e-07 2.50675 0.18161
7.85e-07 2.504 0.17706
7.86e-07 2.50124 0.17451
7.87e-07 2.49849 0.17376
7.88e-07 2.49573 0.17301
7.89e-07 2.49298 0.17226
7.9e-07 2.49023 0.17151
7.91e-07 2.48747 0.17076
7.92e-07 2.48472 0.17001
7.93e-07 2.48196 0.16926
7.94e-07 2.47921 0.16852
7.95e-07 2.47645 0.16777
7.96e-07 2.4737 0.16702
7.97e-07 2.47094 0.16627
7.98e-07 2.46819 0.16552
7.99e-07 2.46543 0.16477
8e-07 2.46268 0.16402
8.01e-07 2.46112 0.16328
8.02e-07 2.45955 0.16253
8.03e-07 2.45798 0.16178
8.04e-07 2.45642 0.16103
8.05e-07 2.45485 0.16028
8.06e-07 2.45329 0.15956
8.07e-07 2.45172 0.15912
8.08e-07 2.45015 0.15868
8.09e-07 2.44859 0.15825
8.1e-07 2.44702 0.15781
8.11e-07 2.44545 0.15737
8.12e-07 2.44389 0.15693
8.13e-07 2.44232 0.15649
8.14e-07 2.44075 0.15605
8.15e-07 2.43919 0.15561
8.16e-07 2.43762 0.15518
8.17e-07 2.43605 0.15474
8.18e-07 2.43449 0.1543
8.19e-07 2.43292 0.15386
8.2e-07 2.43136 0.15342
8.21e-07 2.42979 0.15298
8.22e-07 2.42822 0.15255
8.23e-07 2.42667 0.15211
8.24e-07 2.42587 0.15167
8.25e-07 2.42507 0.15123
8.26e-07 2.42427 0.15079
8.27e-07 2.42347 0.15035
8.28e-07 2.42267 0.14992
8.29e-07 2.42187 0.1495
8.3e-07 2.42107 0.14931
8.31e-07 2.42027 0.14911
8.32e-07 2.41947 0.14891
8.33e-07 2.41867 0.14872
8.34e-07 2.41787 0.14852
8.35e-07 2.41707 0.14832
8.36e-07 2.41627 0.14812
8.37e-07 2.41548 0.14793
8.38e-07 2.41468 0.14773
8.39e-07 2.41388 0.14753
8.4e-07 2.41308 0.14733
8.41e-07 2.41228 0.14714
8.42e-07 2.41148 0.14694
8.43e-07 2.41068 0.14674
8.44e-07 2.40988 0.14655
8.45e-07 2.40908 0.14635
8.46e-07 2.40828 0.14615
8.47e-07 2.40748 0.14595
8.48e-07 2.40668 0.14576
8.49e-07 2.40598 0.14556
8.5e-07 2.40538 0.14536
8.51e-07 2.40478 0.14517
8.52e-07 2.40419 0.14497
8.53e-07 2.40359 0.14477
8.54e-07 2.403 0.14456
8.55e-07 2.4024 0.14434
8.56e-07 2.4018 0.14412
8.57e-07 2.40121 0.1439
8.58e-07 2.40061 0.14368
8.59e-07 2.40001 0.14346
8.6e-07 2.39942 0.14324
8.61e-07 2.39882 0.14301
8.62e-07 2.39822 0.14279
8.63e-07 2.39763 0.14257
8.64e-07 2.39703 0.14235
8.65e-07 2.39644 0.14213
8.66e-07 2.39584 0.14191
8.67e-07 2.39524 0.14169
8.68e-07 2.39465 0.14146
8.69e-07 2.39405 0.14124
8.7e-07 2.39345 0.14102
8.71e-07 2.39286 0.1408
8.72e-07 2.39226 0.14058
8.73e-07 2.39166 0.14036
8.74e-07 2.39107 0.14013
8.75e-07 2.39077 0.13991
8.76e-07 2.39049 0.1397
8.77e-07 2.39022 0.13949
8.78e-07 2.38994 0.13929
8.79e-07 2.38966 0.13908
8.8e-07 2.38938 0.13888
8.81e-07 2.38911 0.13867
8.82e-07 2.38883 0.13847
8.83e-07 2.38855 0.13826
8.84e-07 2.38828 0.13806
8.85e-07 2.388 0.13785
8.86e-07 2.38772 0.13765
8.87e-07 2.38744 0.13745
8.88e-07 2.38717 0.13724
8.89e-07 2.38689 0.13704
8.9e-07 2.38661 0.13683
8.91e-07 2.38633 0.13663
8.92e-07 2.38603 0.13642
8.93e-07 2.38528 0.13622
8.94e-07 2.38453 0.13601
8.95e-07 2.38378 0.13581
8.96e-07 2.38303 0.1356
8.97e-07 2.38228 0.1354
8.98e-07 2.38153 0.13519
8.99e-07 2.38153 0.13499
9e-07 2.38153 0.13499
