lambda n k
300E-9 2.41941 0.60782 
301E-9 2.42237 0.60019 
302E-9 2.42513 0.59247 
303E-9 2.42782 0.58471 
304E-9 2.43041 0.5769 
305E-9 2.43288 0.56903 
306E-9 2.4353 0.56113 
307E-9 2.43762 0.55317 
308E-9 2.43986 0.54518 
309E-9 2.44204 0.53716 
310E-9 2.4441 0.52912 
311E-9 2.4461 0.52108 
312E-9 2.44802 0.51302 
313E-9 2.44983 0.50497 
314E-9 2.45159 0.49693 
315E-9 2.45325 0.4889 
316E-9 2.45481 0.48089 
317E-9 2.45632 0.47289 
318E-9 2.4577 0.46494 
319E-9 2.45902 0.45702 
320E-9 2.46026 0.44913 
321E-9 2.46137 0.4413 
322E-9 2.46243 0.4335 
323E-9 2.46339 0.42577 
324E-9 2.46424 0.41809 
325E-9 2.46503 0.41045 
326E-9 2.46569 0.40291 
327E-9 2.46628 0.39542 
328E-9 2.46679 0.38799 
329E-9 2.46716 0.38066 
330E-9 2.46747 0.37339 
331E-9 2.46767 0.3662 
332E-9 2.46776 0.3591 
333E-9 2.4678 0.35205 
334E-9 2.46769 0.34511 
335E-9 2.46751 0.33824 
336E-9 2.46725 0.33143 
337E-9 2.46686 0.32473 
338E-9 2.4664 0.31808 
339E-9 2.46584 0.31152 
340E-9 2.46517 0.30505 
341E-9 2.46444 0.29862 
342E-9 2.46358 0.2923 
343E-9 2.46264 0.28605 
344E-9 2.46163 0.27986 
345E-9 2.46048 0.27378 
346E-9 2.45927 0.26775 
347E-9 2.45796 0.26179 
348E-9 2.45654 0.25593 
349E-9 2.45506 0.25012 
350E-9 2.45346 0.2444 
351E-9 2.45178 0.23876 
352E-9 2.45003 0.23316 
353E-9 2.44814 0.22768 
354E-9 2.4462 0.22224 
355E-9 2.44416 0.21688 
356E-9 2.44201 0.21161 
357E-9 2.4398 0.20638 
358E-9 2.43747 0.20125 
359E-9 2.43506 0.19619 
360E-9 2.4326 0.19117 
361E-9 2.43 0.18626 
362E-9 2.42735 0.1814 
363E-9 2.42462 0.1766 
364E-9 2.42181 0.1719 
365E-9 2.41895 0.16724 
366E-9 2.41601 0.16267 
367E-9 2.41302 0.15817 
368E-9 2.40999 0.15371 
369E-9 2.40687 0.14936 
370E-9 2.40372 0.14506 
371E-9 2.40053 0.14082 
372E-9 2.39728 0.13668 
373E-9 2.39401 0.13258 
374E-9 2.39069 0.12856 
375E-9 2.38734 0.12462 
376E-9 2.38396 0.12072 
377E-9 2.38055 0.11693 
378E-9 2.37711 0.11319 
379E-9 2.37366 0.1095 
380E-9 2.37018 0.10592 
381E-9 2.36668 0.10238 
382E-9 2.36317 0.09892 
383E-9 2.35964 0.09553 
384E-9 2.35611 0.09219 
385E-9 2.35257 0.08896 
386E-9 2.34902 0.08577 
387E-9 2.34546 0.08265 
388E-9 2.34191 0.07962 
389E-9 2.33835 0.07665 
390E-9 2.3348 0.07374 
391E-9 2.33125 0.07092 
392E-9 2.32771 0.06815 
393E-9 2.32418 0.06547 
394E-9 2.32065 0.06286 
395E-9 2.31714 0.06029 
396E-9 2.31364 0.05783 
397E-9 2.31016 0.05541 
398E-9 2.30669 0.05307 
399E-9 2.30325 0.0508 
400E-9 2.29982 0.04857 
401E-9 2.29641 0.04643 
402E-9 2.29303 0.04435 
403E-9 2.28967 0.04232 
404E-9 2.28635 0.04037 
405E-9 2.28305 0.03847 
406E-9 2.27977 0.03663 
407E-9 2.27654 0.03487 
408E-9 2.27332 0.03314 
409E-9 2.27015 0.03149 
410E-9 2.26702 0.02989 
411E-9 2.2639 0.02833 
412E-9 2.26085 0.02686 
413E-9 2.25782 0.02543 
414E-9 2.25483 0.02405 
415E-9 2.25189 0.02274 
416E-9 2.24899 0.02146 
417E-9 2.24613 0.02026 
418E-9 2.24332 0.0191 
419E-9 2.24054 0.01798 
420E-9 2.23783 0.01694 
421E-9 2.23515 0.01593 
422E-9 2.23252 0.01497 
423E-9 2.22995 0.01407 
424E-9 2.22742 0.01321 
425E-9 2.22495 0.01241 
426E-9 2.22253 0.01166 
427E-9 2.22014 0.01093 
428E-9 2.21784 0.01028 
429E-9 2.21558 0.00966 
430E-9 2.21336 0.00908 
431E-9 2.21122 0.00857 
432E-9 2.20912 0.00808 
433E-9 2.20709 0.00765 
434E-9 2.20511 0.00726 
435E-9 2.20318 0.0069 
436E-9 2.20133 0.0066 
437E-9 2.19952 0.00633 
438E-9 2.19775 0.0061 
439E-9 2.19606 0.00591 
440E-9 2.19441 0.00575 
441E-9 2.1928 0.00563 
442E-9 2.19125 0.00554 
443E-9 2.18972 0.00547 
444E-9 2.18826 0.00544 
445E-9 2.18683 0.00543 
446E-9 2.18542 0.00544 
447E-9 2.18408 0.00548 
448E-9 2.18275 0.00554 
449E-9 2.18146 0.00562 
450E-9 2.18021 0.00572 
451E-9 2.17898 0.00583 
452E-9 2.17778 0.00597 
453E-9 2.17661 0.00611 
454E-9 2.17546 0.00627 
455E-9 2.17435 0.00644 
456E-9 2.17325 0.00663 
457E-9 2.17217 0.00682 
458E-9 2.17112 0.00702 
459E-9 2.17008 0.00722 
460E-9 2.16906 0.00743 
461E-9 2.16805 0.00765 
462E-9 2.16706 0.00787 
463E-9 2.16609 0.00809 
464E-9 2.16512 0.00832 
465E-9 2.16417 0.00854 
466E-9 2.16323 0.00876 
467E-9 2.16229 0.00898 
468E-9 2.16137 0.0092 
469E-9 2.16045 0.00942 
470E-9 2.15954 0.00963 
471E-9 2.15863 0.00983 
472E-9 2.15772 0.01003 
473E-9 2.15682 0.01022 
474E-9 2.15592 0.0104 
475E-9 2.15502 0.01058 
476E-9 2.15412 0.01074 
477E-9 2.15322 0.01089 
478E-9 2.15232 0.01104 
479E-9 2.15141 0.01117 
480E-9 2.1505 0.01129 
481E-9 2.14959 0.0114 
482E-9 2.14867 0.01148 
483E-9 2.14775 0.01156 
484E-9 2.14682 0.01162 
485E-9 2.14588 0.01167 
486E-9 2.14493 0.0117 
487E-9 2.14397 0.01171 
488E-9 2.14301 0.01171 
489E-9 2.14204 0.01169 
490E-9 2.14106 0.01165 
491E-9 2.14008 0.0116 
492E-9 2.13908 0.01154 
493E-9 2.13809 0.01146 
494E-9 2.13709 0.01137 
495E-9 2.13608 0.01127 
496E-9 2.13507 0.01116 
497E-9 2.13406 0.01104 
498E-9 2.13305 0.0109 
499E-9 2.13203 0.01076 
500E-9 2.13101 0.0106 
501E-9 2.13 0.01044 
502E-9 2.12898 0.01027 
503E-9 2.12796 0.01009 
504E-9 2.12694 0.00991 
505E-9 2.12592 0.00972 
506E-9 2.12491 0.00952 
507E-9 2.12389 0.00932 
508E-9 2.12288 0.00911 
509E-9 2.12187 0.00889 
510E-9 2.12087 0.00868 
511E-9 2.11987 0.00846 
512E-9 2.11887 0.00823 
513E-9 2.11787 0.00801 
514E-9 2.11689 0.00778 
515E-9 2.1159 0.00754 
516E-9 2.11492 0.00731 
517E-9 2.11395 0.00708 
518E-9 2.11298 0.00684 
519E-9 2.11203 0.00661 
520E-9 2.11107 0.00637 
521E-9 2.11013 0.00613 
522E-9 2.10919 0.0059 
523E-9 2.10826 0.00566 
524E-9 2.10734 0.00543 
525E-9 2.10642 0.0052 
526E-9 2.10552 0.00497 
527E-9 2.10462 0.00474 
528E-9 2.10374 0.00452 
529E-9 2.10286 0.00429 
530E-9 2.10199 0.00408 
531E-9 2.10114 0.00386 
532E-9 2.10029 0.00365 
533E-9 2.09945 0.00344 
534E-9 2.09863 0.00324 
535E-9 2.09781 0.00304 
536E-9 2.09701 0.00284 
537E-9 2.09622 0.00265 
538E-9 2.09544 0.00247 
539E-9 2.09467 0.00229 
540E-9 2.09391 0.00212 
541E-9 2.09317 0.00195 
542E-9 2.09244 0.00179 
543E-9 2.09172 0.00164 
544E-9 2.09101 0.00149 
545E-9 2.09032 0.00135 
546E-9 2.08964 0.00122 
547E-9 2.08897 0.0011 
548E-9 2.08831 9.74497E-4 
549E-9 2.08768 8.66608E-4 
550E-9 2.08705 7.6363E-4 
551E-9 2.08644 6.68158E-4 
552E-9 2.08584 5.8344E-4 
553E-9 2.08525 5.04125E-4 
554E-9 2.08468 4.35031E-4 
555E-9 2.08413 3.73776E-4 
556E-9 2.08358 3.17897E-4 
557E-9 2.08305 2.73298E-4 
558E-9 2.08253 2.33596E-4 
559E-9 2.08202 2.0093E-4 
560E-9 2.08153 1.77519E-4 
561E-9 2.08104 1.58723E-4 
562E-9 2.08056 1.48671E-4 
563E-9 2.0801 1.44601E-4 
564E-9 2.07964 1.44433E-4 
565E-9 2.0792 1.54484E-4 
566E-9 2.07877 1.6879E-4 
567E-9 2.07834 1.88266E-4 
568E-9 2.07793 2.15303E-4 
569E-9 2.07752 2.46101E-4 
570E-9 2.07712 2.838E-4 
571E-9 2.07673 3.27024E-4 
572E-9 2.07635 3.73585E-4 
573E-9 2.07597 4.27624E-4 
574E-9 2.0756 4.85694E-4 
575E-9 2.07524 5.47902E-4 
576E-9 2.07489 6.16347E-4 
577E-9 2.07454 6.87812E-4 
578E-9 2.0742 7.64476E-4 
579E-9 2.07387 8.46116E-4 
580E-9 2.07354 9.30422E-4 
581E-9 2.07321 0.00102 
582E-9 2.07289 0.00111 
583E-9 2.07258 0.00121 
584E-9 2.07227 0.00131 
585E-9 2.07197 0.00141 
586E-9 2.07167 0.00152 
587E-9 2.07138 0.00163 
588E-9 2.07108 0.00175 
589E-9 2.0708 0.00186 
590E-9 2.07051 0.00199 
591E-9 2.07023 0.00211 
592E-9 2.06996 0.00224 
593E-9 2.06968 0.00236 
594E-9 2.06941 0.0025 
595E-9 2.06915 0.00263 
596E-9 2.06888 0.00277 
597E-9 2.06862 0.00291 
598E-9 2.06836 0.00305 
599E-9 2.0681 0.00319 
600E-9 2.06784 0.00334 
601E-9 2.06758 0.00348 
602E-9 2.06733 0.00363 
603E-9 2.06708 0.00379 
604E-9 2.06683 0.00394 
605E-9 2.06658 0.00409 
606E-9 2.06633 0.00425 
607E-9 2.06608 0.00441 
608E-9 2.06583 0.00457 
609E-9 2.06558 0.00473 
610E-9 2.06533 0.00489 
611E-9 2.06509 0.00505 
612E-9 2.06484 0.00522 
613E-9 2.06459 0.00538 
614E-9 2.06435 0.00555 
615E-9 2.0641 0.00572 
616E-9 2.06385 0.00589 
617E-9 2.0636 0.00606 
618E-9 2.06335 0.00623 
619E-9 2.0631 0.0064 
620E-9 2.06285 0.00657 
621E-9 2.0626 0.00674 
622E-9 2.06234 0.00691 
623E-9 2.06209 0.00708 
624E-9 2.06183 0.00726 
625E-9 2.06158 0.00743 
626E-9 2.06132 0.0076 
627E-9 2.06106 0.00778 
628E-9 2.06079 0.00795 
629E-9 2.06053 0.00813 
630E-9 2.06026 0.0083 
631E-9 2.06 0.00848 
632E-9 2.05972 0.00865 
633E-9 2.05945 0.00882 
634E-9 2.05918 0.009 
635E-9 2.0589 0.00917 
636E-9 2.05862 0.00935 
637E-9 2.05834 0.00952 
638E-9 2.05805 0.00969 
639E-9 2.05777 0.00987 
640E-9 2.05748 0.01004 
641E-9 2.05718 0.01021 
642E-9 2.05689 0.01038 
643E-9 2.05659 0.01055 
644E-9 2.05629 0.01072 
645E-9 2.05599 0.01089 
646E-9 2.05569 0.01106 
647E-9 2.05538 0.01123 
648E-9 2.05508 0.0114 
649E-9 2.05477 0.01157 
650E-9 2.05446 0.01173 
651E-9 2.05415 0.0119 
652E-9 2.05383 0.01207 
653E-9 2.05352 0.01223 
654E-9 2.05321 0.01239 
655E-9 2.05289 0.01256 
656E-9 2.05257 0.01272 
657E-9 2.05225 0.01288 
658E-9 2.05193 0.01304 
659E-9 2.05161 0.0132 
660E-9 2.05129 0.01336 
661E-9 2.05097 0.01352 
662E-9 2.05065 0.01368 
663E-9 2.05033 0.01383 
664E-9 2.05 0.01399 
665E-9 2.04968 0.01414 
666E-9 2.04936 0.0143 
667E-9 2.04903 0.01445 
668E-9 2.04871 0.0146 
669E-9 2.04839 0.01475 
670E-9 2.04806 0.0149 
671E-9 2.04774 0.01505 
672E-9 2.04741 0.01519 
673E-9 2.04709 0.01534 
674E-9 2.04676 0.01548 
675E-9 2.04644 0.01563 
676E-9 2.04612 0.01577 
677E-9 2.0458 0.01591 
678E-9 2.04547 0.01605 
679E-9 2.04515 0.01619 
680E-9 2.04483 0.01633 
681E-9 2.04451 0.01646 
682E-9 2.04419 0.0166 
683E-9 2.04387 0.01673 
684E-9 2.04355 0.01686 
685E-9 2.04323 0.01699 
686E-9 2.04291 0.01712 
687E-9 2.0426 0.01725 
688E-9 2.04228 0.01738 
689E-9 2.04197 0.01751 
690E-9 2.04166 0.01763 
691E-9 2.04134 0.01775 
692E-9 2.04103 0.01787 
693E-9 2.04072 0.01799 
694E-9 2.04041 0.01811 
695E-9 2.04011 0.01823 
696E-9 2.0398 0.01835 
697E-9 2.03949 0.01846 
698E-9 2.03919 0.01857 
699E-9 2.03889 0.01869 
700E-9 2.03859 0.01879 
701E-9 2.03829 0.0189 
702E-9 2.03799 0.01901 
703E-9 2.0377 0.01912 
704E-9 2.0374 0.01922 
705E-9 2.03711 0.01932 
706E-9 2.03682 0.01942 
707E-9 2.03653 0.01952 
708E-9 2.03624 0.01962 
709E-9 2.03595 0.01972 
710E-9 2.03567 0.01981 
711E-9 2.03539 0.01991 
712E-9 2.03511 0.02 
713E-9 2.03483 0.02009 
714E-9 2.03455 0.02018 
715E-9 2.03428 0.02026 
716E-9 2.034 0.02035 
717E-9 2.03373 0.02043 
718E-9 2.03346 0.02052 
719E-9 2.0332 0.0206 
720E-9 2.03293 0.02068 
721E-9 2.03267 0.02075 
722E-9 2.03241 0.02083 
723E-9 2.03215 0.0209 
724E-9 2.03189 0.02098 
725E-9 2.03164 0.02105 
726E-9 2.03139 0.02112 
727E-9 2.03114 0.02118 
728E-9 2.03089 0.02125 
729E-9 2.03064 0.02132 
730E-9 2.0304 0.02138 
731E-9 2.03016 0.02144 
732E-9 2.02992 0.0215 
733E-9 2.02968 0.02156 
734E-9 2.02945 0.02161 
735E-9 2.02922 0.02167 
736E-9 2.02899 0.02172 
737E-9 2.02876 0.02177 
738E-9 2.02854 0.02182 
739E-9 2.02832 0.02187 
740E-9 2.0281 0.02192 
741E-9 2.02788 0.02196 
742E-9 2.02767 0.02201 
743E-9 2.02746 0.02205 
744E-9 2.02725 0.02209 
745E-9 2.02704 0.02213 
746E-9 2.02684 0.02216 
747E-9 2.02663 0.0222 
748E-9 2.02644 0.02223 
749E-9 2.02624 0.02226 
750E-9 2.02605 0.02229 
751E-9 2.02585 0.02232 
752E-9 2.02567 0.02235 
753E-9 2.02548 0.02237 
754E-9 2.0253 0.02239 
755E-9 2.02512 0.02242 
756E-9 2.02494 0.02244 
757E-9 2.02476 0.02245 
758E-9 2.02459 0.02247 
759E-9 2.02442 0.02249 
760E-9 2.02425 0.0225 
761E-9 2.02409 0.02251 
762E-9 2.02393 0.02252 
763E-9 2.02377 0.02253 
764E-9 2.02361 0.02254 
765E-9 2.02345 0.02254 
766E-9 2.0233 0.02255 
767E-9 2.02315 0.02255 
768E-9 2.023 0.02255 
769E-9 2.02286 0.02255 
770E-9 2.02271 0.02255 
771E-9 2.02257 0.02255 
772E-9 2.02243 0.02255 
773E-9 2.02229 0.02254 
774E-9 2.02216 0.02254 
775E-9 2.02202 0.02253 
776E-9 2.02189 0.02252 
777E-9 2.02176 0.02252 
778E-9 2.02164 0.02251 
779E-9 2.02151 0.02249 
780E-9 2.02139 0.02248 
781E-9 2.02127 0.02247 
782E-9 2.02115 0.02246 
783E-9 2.02103 0.02244 
784E-9 2.02091 0.02242 
785E-9 2.0208 0.02241 
786E-9 2.02069 0.02239 
787E-9 2.02058 0.02237 
788E-9 2.02047 0.02235 
789E-9 2.02036 0.02233 
790E-9 2.02026 0.02231 
791E-9 2.02015 0.02229 
792E-9 2.02005 0.02227 
793E-9 2.01995 0.02224 
794E-9 2.01985 0.02222 
795E-9 2.01976 0.02219 
796E-9 2.01966 0.02217 
797E-9 2.01957 0.02214 
798E-9 2.01947 0.02211 
799E-9 2.01938 0.02209 
800E-9 2.01929 0.02206 
