lambda n k
350E-9 1.8634 0.02344 
351E-9 1.86132 0.02267 
352E-9 1.85924 0.0219 
353E-9 1.85716 0.02113 
354E-9 1.85507 0.02035 
355E-9 1.85299 0.01964 
356E-9 1.85081 0.01913 
357E-9 1.84828 0.01862 
358E-9 1.84574 0.01811 
359E-9 1.84321 0.0176 
360E-9 1.84068 0.01709 
361E-9 1.83814 0.01658 
362E-9 1.83561 0.01607 
363E-9 1.83307 0.01568 
364E-9 1.83151 0.01531 
365E-9 1.8302 0.01495 
366E-9 1.82889 0.01458 
367E-9 1.82758 0.01421 
368E-9 1.82627 0.01385 
369E-9 1.82496 0.01348 
370E-9 1.82366 0.01311 
371E-9 1.82235 0.01274 
372E-9 1.82104 0.0125 
373E-9 1.81973 0.01232 
374E-9 1.81842 0.01214 
375E-9 1.81711 0.01197 
376E-9 1.8158 0.01179 
377E-9 1.81423 0.01161 
378E-9 1.81259 0.01143 
379E-9 1.81094 0.01125 
380E-9 1.80929 0.01107 
381E-9 1.80764 0.01089 
382E-9 1.80599 0.01071 
383E-9 1.80434 0.01054 
384E-9 1.80269 0.01036 
385E-9 1.80104 0.01018 
386E-9 1.79919 0.01 
387E-9 1.79712 0.00982 
388E-9 1.79505 0.00964 
389E-9 1.79299 0.00947 
390E-9 1.79092 0.0093 
391E-9 1.78885 0.00913 
392E-9 1.78678 0.00896 
393E-9 1.78476 0.00879 
394E-9 1.78358 0.00862 
395E-9 1.78239 0.00844 
396E-9 1.7812 0.00827 
397E-9 1.78001 0.0081 
398E-9 1.77882 0.00793 
399E-9 1.77764 0.00776 
400E-9 1.77645 0.00759 
401E-9 1.77526 0.00742 
402E-9 1.77407 0.00725 
403E-9 1.77289 0.00714 
404E-9 1.7717 0.0071 
405E-9 1.77051 0.00706 
406E-9 1.76935 0.00702 
407E-9 1.76844 0.00699 
408E-9 1.76753 0.00695 
409E-9 1.76661 0.00691 
410E-9 1.7657 0.00687 
411E-9 1.76479 0.00684 
412E-9 1.76387 0.0068 
413E-9 1.76296 0.00676 
414E-9 1.76204 0.00672 
415E-9 1.76113 0.00669 
416E-9 1.76022 0.00665 
417E-9 1.7593 0.00661 
418E-9 1.75839 0.00657 
419E-9 1.75749 0.00654 
420E-9 1.75677 0.0065 
421E-9 1.75606 0.00646 
422E-9 1.75534 0.00642 
423E-9 1.75462 0.00639 
424E-9 1.7539 0.00635 
425E-9 1.75318 0.00635 
426E-9 1.75247 0.00639 
427E-9 1.75175 0.00643 
428E-9 1.75103 0.00647 
429E-9 1.75031 0.00651 
430E-9 1.74959 0.00655 
431E-9 1.74888 0.00659 
432E-9 1.74816 0.00663 
433E-9 1.74744 0.00668 
434E-9 1.74672 0.00672 
435E-9 1.746 0.00676 
436E-9 1.74529 0.0068 
437E-9 1.74458 0.00684 
438E-9 1.74386 0.00688 
439E-9 1.74315 0.00692 
440E-9 1.74244 0.00696 
441E-9 1.74172 0.007 
442E-9 1.74101 0.00704 
443E-9 1.7403 0.00708 
444E-9 1.73959 0.00712 
445E-9 1.73887 0.00716 
446E-9 1.73816 0.0072 
447E-9 1.73745 0.00724 
448E-9 1.73673 0.00728 
449E-9 1.73602 0.00732 
450E-9 1.73531 0.00736 
451E-9 1.73459 0.00739 
452E-9 1.73388 0.00743 
453E-9 1.73317 0.00747 
454E-9 1.73246 0.00751 
455E-9 1.73174 0.00755 
456E-9 1.73103 0.00759 
457E-9 1.73032 0.00762 
458E-9 1.7296 0.00766 
459E-9 1.72889 0.0077 
460E-9 1.72818 0.00774 
461E-9 1.72747 0.00778 
462E-9 1.72675 0.00782 
463E-9 1.72604 0.00785 
464E-9 1.72533 0.00789 
465E-9 1.72461 0.00793 
466E-9 1.7239 0.00797 
467E-9 1.72319 0.00802 
468E-9 1.72248 0.0081 
469E-9 1.72176 0.00817 
470E-9 1.72125 0.00825 
471E-9 1.72075 0.00833 
472E-9 1.72024 0.0084 
473E-9 1.71973 0.00848 
474E-9 1.71923 0.00856 
475E-9 1.71872 0.00863 
476E-9 1.71822 0.00871 
477E-9 1.71771 0.00879 
478E-9 1.71721 0.00886 
479E-9 1.7167 0.00894 
480E-9 1.71619 0.00901 
481E-9 1.71569 0.00909 
482E-9 1.71518 0.00917 
483E-9 1.71468 0.00924 
484E-9 1.71417 0.00933 
485E-9 1.71367 0.00941 
486E-9 1.71316 0.0095 
487E-9 1.71265 0.00958 
488E-9 1.71215 0.00967 
489E-9 1.71164 0.00975 
490E-9 1.71109 0.00984 
491E-9 1.71051 0.00992 
492E-9 1.70992 0.01001 
493E-9 1.70934 0.01009 
494E-9 1.70875 0.01018 
495E-9 1.70817 0.01026 
496E-9 1.70758 0.01035 
497E-9 1.707 0.01043 
498E-9 1.70641 0.01052 
499E-9 1.70583 0.01075 
500E-9 1.70525 0.01098 
501E-9 1.70466 0.01121 
502E-9 1.70408 0.01144 
503E-9 1.70349 0.01167 
504E-9 1.70291 0.01189 
505E-9 1.70232 0.01212 
506E-9 1.70174 0.01235 
507E-9 1.70115 0.01258 
508E-9 1.70057 0.01281 
509E-9 1.69999 0.01304 
510E-9 1.69942 0.01327 
511E-9 1.69891 0.01349 
512E-9 1.6984 0.01372 
513E-9 1.69789 0.01395 
514E-9 1.69738 0.01418 
515E-9 1.69686 0.01439 
516E-9 1.69635 0.01459 
517E-9 1.69584 0.01478 
518E-9 1.69533 0.01498 
519E-9 1.69482 0.01517 
520E-9 1.69431 0.01537 
521E-9 1.6938 0.01557 
522E-9 1.69329 0.01576 
523E-9 1.69278 0.01596 
524E-9 1.69227 0.01615 
525E-9 1.69176 0.01635 
526E-9 1.69125 0.01654 
527E-9 1.69073 0.01674 
528E-9 1.6902 0.01696 
529E-9 1.68967 0.01719 
530E-9 1.68915 0.01742 
531E-9 1.68862 0.01765 
532E-9 1.68809 0.01788 
533E-9 1.68757 0.01811 
534E-9 1.68704 0.01834 
535E-9 1.68651 0.01857 
536E-9 1.68599 0.0188 
537E-9 1.68546 0.01903 
538E-9 1.68493 0.01927 
539E-9 1.68441 0.01955 
540E-9 1.68388 0.01985 
541E-9 1.68335 0.02015 
542E-9 1.68283 0.02045 
543E-9 1.6823 0.02076 
544E-9 1.68177 0.02106 
545E-9 1.68125 0.02136 
546E-9 1.68072 0.02167 
547E-9 1.68019 0.02197 
548E-9 1.67967 0.02227 
549E-9 1.67914 0.02258 
550E-9 1.67861 0.0228 
551E-9 1.67809 0.02297 
552E-9 1.67756 0.02314 
553E-9 1.67718 0.02331 
554E-9 1.67693 0.02349 
555E-9 1.67667 0.02366 
556E-9 1.67642 0.02383 
557E-9 1.67616 0.024 
558E-9 1.67591 0.02418 
559E-9 1.67565 0.02435 
560E-9 1.67539 0.02452 
561E-9 1.67514 0.02469 
562E-9 1.67488 0.02486 
563E-9 1.67463 0.02504 
564E-9 1.67437 0.02521 
565E-9 1.67412 0.02546 
566E-9 1.67386 0.02572 
567E-9 1.67361 0.02597 
568E-9 1.67335 0.02623 
569E-9 1.6731 0.02648 
570E-9 1.67284 0.02674 
571E-9 1.67259 0.02699 
572E-9 1.67233 0.02724 
573E-9 1.67208 0.0275 
574E-9 1.67182 0.02775 
575E-9 1.67156 0.02801 
576E-9 1.67131 0.02826 
577E-9 1.67105 0.02851 
578E-9 1.6708 0.02877 
579E-9 1.67054 0.02902 
580E-9 1.67029 0.02928 
581E-9 1.67003 0.0296 
582E-9 1.66978 0.02999 
583E-9 1.66952 0.03038 
584E-9 1.66927 0.03077 
585E-9 1.66901 0.03116 
586E-9 1.66871 0.03156 
587E-9 1.66815 0.03195 
588E-9 1.66759 0.03234 
589E-9 1.66702 0.03273 
590E-9 1.66646 0.03312 
591E-9 1.6659 0.03351 
592E-9 1.66533 0.0339 
593E-9 1.66477 0.0343 
594E-9 1.66421 0.0346 
595E-9 1.66364 0.03485 
596E-9 1.66308 0.03511 
597E-9 1.66252 0.03536 
598E-9 1.66195 0.03561 
599E-9 1.66139 0.03587 
600E-9 1.66083 0.03612 
601E-9 1.66026 0.03638 
602E-9 1.6597 0.03663 
603E-9 1.65914 0.03688 
604E-9 1.65857 0.03714 
605E-9 1.65801 0.03739 
606E-9 1.65745 0.03765 
607E-9 1.65688 0.0379 
608E-9 1.65632 0.03816 
609E-9 1.65576 0.03841 
610E-9 1.65519 0.03866 
611E-9 1.6548 0.03893 
612E-9 1.65441 0.03919 
613E-9 1.65401 0.03945 
614E-9 1.65362 0.03971 
615E-9 1.65323 0.03997 
616E-9 1.65283 0.04023 
617E-9 1.65244 0.04049 
618E-9 1.65205 0.04076 
619E-9 1.65165 0.04102 
620E-9 1.65126 0.04128 
621E-9 1.65087 0.04154 
622E-9 1.65047 0.0418 
623E-9 1.65008 0.04208 
624E-9 1.64969 0.04241 
625E-9 1.64929 0.04274 
626E-9 1.6489 0.04307 
627E-9 1.64851 0.0434 
628E-9 1.64811 0.04373 
629E-9 1.64772 0.04406 
630E-9 1.64732 0.04439 
631E-9 1.64693 0.04472 
632E-9 1.64654 0.04505 
633E-9 1.64614 0.04538 
634E-9 1.64575 0.04571 
635E-9 1.64536 0.04604 
636E-9 1.64497 0.04637 
637E-9 1.64462 0.0467 
638E-9 1.64427 0.04703 
639E-9 1.64392 0.04736 
640E-9 1.64358 0.04768 
641E-9 1.64323 0.04801 
642E-9 1.64288 0.04834 
643E-9 1.64253 0.04867 
644E-9 1.64219 0.04899 
645E-9 1.64184 0.04932 
646E-9 1.64149 0.04965 
647E-9 1.64114 0.04997 
648E-9 1.64079 0.0503 
649E-9 1.64045 0.05063 
650E-9 1.6401 0.05096 
651E-9 1.63975 0.05128 
652E-9 1.6394 0.05161 
653E-9 1.63906 0.05181 
654E-9 1.63871 0.05199 
655E-9 1.63836 0.05217 
656E-9 1.63801 0.05235 
657E-9 1.63767 0.05254 
658E-9 1.63732 0.05272 
659E-9 1.63697 0.0529 
660E-9 1.63662 0.05308 
661E-9 1.63628 0.05327 
662E-9 1.63593 0.05345 
663E-9 1.63558 0.05363 
664E-9 1.63523 0.05381 
665E-9 1.63489 0.054 
666E-9 1.6346 0.05418 
667E-9 1.63439 0.05436 
668E-9 1.63419 0.05455 
669E-9 1.63399 0.05473 
670E-9 1.63379 0.05491 
671E-9 1.63358 0.05516 
672E-9 1.63338 0.05546 
673E-9 1.63318 0.05577 
674E-9 1.63298 0.05608 
675E-9 1.63278 0.05638 
676E-9 1.63257 0.05669 
677E-9 1.63237 0.05699 
678E-9 1.63217 0.0573 
679E-9 1.63197 0.0576 
680E-9 1.63176 0.05791 
681E-9 1.63156 0.05821 
682E-9 1.63136 0.05852 
683E-9 1.63116 0.05882 
684E-9 1.63096 0.05913 
685E-9 1.63075 0.05944 
686E-9 1.63055 0.05974 
687E-9 1.63035 0.06005 
688E-9 1.63015 0.06035 
689E-9 1.62994 0.06066 
690E-9 1.62974 0.06096 
691E-9 1.62954 0.06127 
692E-9 1.62934 0.06157 
693E-9 1.62914 0.06188 
694E-9 1.62893 0.06217 
695E-9 1.62873 0.06247 
696E-9 1.62853 0.06277 
697E-9 1.62833 0.06307 
698E-9 1.62812 0.06337 
699E-9 1.62792 0.06367 
700E-9 1.62773 0.06396 
701E-9 1.62753 0.06426 
702E-9 1.62734 0.06456 
703E-9 1.62715 0.06486 
704E-9 1.62695 0.06516 
705E-9 1.62676 0.06546 
706E-9 1.62656 0.06575 
707E-9 1.62637 0.06605 
708E-9 1.62617 0.06635 
709E-9 1.62598 0.06665 
710E-9 1.62579 0.06695 
711E-9 1.62559 0.06725 
712E-9 1.6254 0.06754 
713E-9 1.6252 0.06784 
714E-9 1.62501 0.06814 
715E-9 1.62482 0.06844 
716E-9 1.62462 0.06874 
717E-9 1.62443 0.06902 
718E-9 1.62423 0.06929 
719E-9 1.62404 0.06957 
720E-9 1.62385 0.06984 
721E-9 1.62365 0.07012 
722E-9 1.62346 0.07039 
723E-9 1.62326 0.07066 
724E-9 1.62307 0.07094 
725E-9 1.62287 0.07121 
726E-9 1.62268 0.07148 
727E-9 1.62249 0.07176 
728E-9 1.62229 0.07203 
729E-9 1.6221 0.07231 
730E-9 1.6219 0.07258 
731E-9 1.62171 0.07285 
732E-9 1.62152 0.07313 
733E-9 1.62132 0.0734 
734E-9 1.62113 0.07368 
735E-9 1.62103 0.07395 
736E-9 1.62097 0.07422 
737E-9 1.62091 0.0745 
738E-9 1.62085 0.07477 
739E-9 1.62079 0.07505 
740E-9 1.62073 0.07532 
741E-9 1.62067 0.07559 
742E-9 1.62061 0.07587 
743E-9 1.62055 0.07614 
744E-9 1.62049 0.07641 
745E-9 1.62043 0.07662 
746E-9 1.62037 0.07684 
747E-9 1.62031 0.07705 
748E-9 1.62025 0.07726 
749E-9 1.62019 0.07748 
750E-9 1.62013 0.07769 
751E-9 1.62006 0.07791 
752E-9 1.62 0.07812 
753E-9 1.61994 0.07833 
754E-9 1.61988 0.07855 
755E-9 1.61982 0.07876 
756E-9 1.61976 0.07898 
757E-9 1.6197 0.07919 
758E-9 1.61964 0.0794 
759E-9 1.61958 0.07962 
760E-9 1.61952 0.07983 
761E-9 1.61946 0.08005 
762E-9 1.6194 0.08026 
763E-9 1.61919 0.08047 
764E-9 1.61896 0.08069 
765E-9 1.61873 0.0809 
766E-9 1.6185 0.08112 
767E-9 1.61827 0.08133 
768E-9 1.61803 0.08154 
769E-9 1.6178 0.08176 
770E-9 1.61757 0.08197 
771E-9 1.61734 0.08219 
772E-9 1.61711 0.08243 
773E-9 1.61687 0.0827 
774E-9 1.61664 0.08297 
775E-9 1.61641 0.08324 
776E-9 1.61618 0.08351 
777E-9 1.61595 0.08378 
778E-9 1.61571 0.08404 
779E-9 1.61548 0.08431 
780E-9 1.61525 0.08458 
781E-9 1.61502 0.08485 
782E-9 1.61479 0.08512 
783E-9 1.61455 0.08539 
784E-9 1.61432 0.08566 
785E-9 1.61418 0.08592 
786E-9 1.61409 0.08619 
787E-9 1.614 0.08646 
788E-9 1.61391 0.08673 
789E-9 1.61382 0.087 
790E-9 1.61372 0.08727 
791E-9 1.61363 0.08753 
792E-9 1.61354 0.0878 
793E-9 1.61345 0.08807 
794E-9 1.61336 0.08834 
795E-9 1.61327 0.08861 
796E-9 1.61318 0.08888 
797E-9 1.61309 0.08915 
798E-9 1.613 0.08941 
799E-9 1.6129 0.08968 
800E-9 1.61281 0.08995 
801E-9 1.61272 0.09022 
802E-9 1.61263 0.09049 
803E-9 1.61255 0.09073 
804E-9 1.61255 0.09093 
805E-9 1.61255 0.09112 
806E-9 1.61255 0.09132 
807E-9 1.61255 0.09151 
808E-9 1.61255 0.09171 
809E-9 1.61255 0.09191 
810E-9 1.61255 0.0921 
811E-9 1.61255 0.0923 
812E-9 1.61255 0.0925 
813E-9 1.61255 0.09269 
814E-9 1.61255 0.09289 
815E-9 1.61255 0.09308 
816E-9 1.61255 0.09328 
817E-9 1.61255 0.09348 
818E-9 1.61255 0.09367 
819E-9 1.61255 0.09387 
820E-9 1.61255 0.09407 
821E-9 1.61255 0.09426 
822E-9 1.61255 0.09446 
823E-9 1.61255 0.09465 
824E-9 1.61255 0.09485 
825E-9 1.61255 0.09505 
826E-9 1.61255 0.09524 
827E-9 1.61255 0.09544 
828E-9 1.61255 0.09564 
829E-9 1.61255 0.09583 
830E-9 1.61255 0.09603 
831E-9 1.61255 0.09622 
832E-9 1.61255 0.09642 
833E-9 1.61255 0.09662 
834E-9 1.61255 0.09681 
835E-9 1.61255 0.09701 
836E-9 1.61255 0.09721 
837E-9 1.61255 0.0974 
838E-9 1.61255 0.0976 
839E-9 1.61255 0.09779 
840E-9 1.61255 0.09799 
841E-9 1.61255 0.09819 
842E-9 1.61255 0.09837 
843E-9 1.61255 0.09854 
844E-9 1.61255 0.09872 
845E-9 1.61255 0.0989 
846E-9 1.61255 0.09908 
847E-9 1.61255 0.09925 
848E-9 1.61255 0.09943 
849E-9 1.61255 0.09961 
850E-9 1.61255 0.09979 
851E-9 1.61255 0.09997 
852E-9 1.61255 0.10014 
853E-9 1.61255 0.10032 
854E-9 1.61255 0.1005 
855E-9 1.61255 0.10068 
856E-9 1.61255 0.10085 
857E-9 1.61255 0.10103 
858E-9 1.61255 0.10121 
859E-9 1.61255 0.10139 
860E-9 1.61255 0.10156 
861E-9 1.61255 0.10174 
862E-9 1.61255 0.10192 
863E-9 1.61255 0.1021 
864E-9 1.61255 0.10227 
865E-9 1.61255 0.10245 
866E-9 1.61255 0.10263 
867E-9 1.61249 0.10281 
868E-9 1.61243 0.10298 
869E-9 1.61237 0.10316 
870E-9 1.61231 0.10334 
871E-9 1.61225 0.10352 
872E-9 1.61219 0.10369 
873E-9 1.61213 0.10387 
874E-9 1.61207 0.10405 
875E-9 1.612 0.10423 
876E-9 1.61194 0.10441 
877E-9 1.61188 0.1046 
878E-9 1.61182 0.10478 
879E-9 1.61176 0.10496 
880E-9 1.6117 0.10515 
881E-9 1.61164 0.10533 
882E-9 1.61158 0.10551 
883E-9 1.61152 0.1057 
884E-9 1.61146 0.10588 
885E-9 1.6114 0.10606 
886E-9 1.61134 0.10625 
887E-9 1.61128 0.10643 
888E-9 1.61122 0.10661 
889E-9 1.61115 0.1068 
890E-9 1.61109 0.10698 
891E-9 1.61103 0.10716 
892E-9 1.61097 0.10735 
893E-9 1.61091 0.10753 
894E-9 1.61086 0.10771 
895E-9 1.61086 0.1079 
896E-9 1.61086 0.10808 
897E-9 1.61086 0.10826 
898E-9 1.61086 0.10845 
899E-9 1.61086 0.10863 
900E-9 1.61086 0.10881 
901E-9 1.61086 0.109 
902E-9 1.61086 0.10917 
903E-9 1.61086 0.10931 
904E-9 1.61086 0.10946 
905E-9 1.61086 0.1096 
906E-9 1.61086 0.10975 
907E-9 1.61086 0.10989 
908E-9 1.61086 0.11004 
909E-9 1.61086 0.11018 
910E-9 1.61086 0.11032 
911E-9 1.61086 0.11047 
912E-9 1.61086 0.11061 
913E-9 1.61086 0.11076 
914E-9 1.61086 0.1109 
915E-9 1.61086 0.11105 
916E-9 1.61086 0.11119 
917E-9 1.61086 0.11133 
918E-9 1.61086 0.11148 
919E-9 1.61086 0.11162 
920E-9 1.61086 0.11177 
921E-9 1.61086 0.11191 
922E-9 1.61086 0.11206 
923E-9 1.61086 0.1122 
924E-9 1.61086 0.11234 
925E-9 1.61086 0.11249 
926E-9 1.61086 0.11263 
927E-9 1.61086 0.11278 
928E-9 1.61086 0.11292 
929E-9 1.61086 0.11307 
930E-9 1.61086 0.11321 
931E-9 1.61086 0.11335 
932E-9 1.61086 0.1135 
933E-9 1.61086 0.11364 
934E-9 1.61086 0.11379 
935E-9 1.61086 0.11393 
936E-9 1.61086 0.11408 
937E-9 1.61086 0.11422 
938E-9 1.61086 0.11436 
939E-9 1.61086 0.11451 
940E-9 1.61086 0.11465 
941E-9 1.61086 0.11479 
942E-9 1.61086 0.11493 
943E-9 1.61076 0.11508 
944E-9 1.61066 0.11522 
945E-9 1.61055 0.11536 
946E-9 1.61045 0.11551 
947E-9 1.61035 0.11565 
948E-9 1.61024 0.11579 
949E-9 1.61014 0.11593 
950E-9 1.61003 0.11608 
951E-9 1.60993 0.11622 
952E-9 1.60983 0.11636 
953E-9 1.60972 0.11651 
954E-9 1.60962 0.11665 
955E-9 1.60952 0.11679 
956E-9 1.60941 0.11693 
957E-9 1.60931 0.11708 
958E-9 1.6092 0.11722 
959E-9 1.6091 0.11736 
960E-9 1.609 0.1175 
961E-9 1.60889 0.11765 
962E-9 1.60879 0.11779 
963E-9 1.60869 0.11793 
964E-9 1.60858 0.11808 
965E-9 1.60848 0.11822 
966E-9 1.60838 0.11836 
967E-9 1.60827 0.1185 
968E-9 1.60817 0.11865 
969E-9 1.60806 0.11879 
970E-9 1.60796 0.11893 
971E-9 1.60786 0.11908 
972E-9 1.60775 0.11922 
973E-9 1.60765 0.11936 
974E-9 1.60755 0.1195 
975E-9 1.60744 0.11965 
976E-9 1.60745 0.11979 
977E-9 1.60754 0.11993 
978E-9 1.60763 0.12008 
979E-9 1.60772 0.12022 
980E-9 1.60781 0.12036 
981E-9 1.6079 0.12051 
982E-9 1.608 0.12065 
983E-9 1.60809 0.1208 
984E-9 1.60818 0.12094 
985E-9 1.60827 0.12109 
986E-9 1.60836 0.12123 
987E-9 1.60845 0.12138 
988E-9 1.60854 0.12152 
989E-9 1.60863 0.12167 
990E-9 1.60872 0.12181 
991E-9 1.60882 0.12196 
992E-9 1.60891 0.12211 
993E-9 1.609 0.12225 
994E-9 1.60907 0.1224 
995E-9 1.60816 0.12254 
996E-9 1.60725 0.12269 
997E-9 1.60634 0.12283 
998E-9 1.60543 0.12298 
999E-9 1.60452 0.12312 
1000E-9 1.60361 0.12327 
