lambda n k
300E-9 1.76053 0 
301E-9 1.75896 0 
302E-9 1.75743 0 
303E-9 1.75591 0 
304E-9 1.75441 0 
305E-9 1.75294 0 
306E-9 1.75149 0 
307E-9 1.75006 0 
308E-9 1.74865 0 
309E-9 1.74725 0 
310E-9 1.74589 0 
311E-9 1.74453 0 
312E-9 1.7432 0 
313E-9 1.74189 0 
314E-9 1.74059 0 
315E-9 1.73931 0 
316E-9 1.73805 0 
317E-9 1.7368 0 
318E-9 1.73558 0 
319E-9 1.73437 0 
320E-9 1.73318 0 
321E-9 1.732 0 
322E-9 1.73084 0 
323E-9 1.72969 0 
324E-9 1.72856 0 
325E-9 1.72744 0 
326E-9 1.72635 0 
327E-9 1.72526 0 
328E-9 1.72419 0 
329E-9 1.72313 0 
330E-9 1.72209 0 
331E-9 1.72106 0 
332E-9 1.72004 0 
333E-9 1.71903 0 
334E-9 1.71804 0 
335E-9 1.71707 0 
336E-9 1.7161 0 
337E-9 1.71515 0 
338E-9 1.71421 0 
339E-9 1.71328 0 
340E-9 1.71236 0 
341E-9 1.71145 0 
342E-9 1.71056 0 
343E-9 1.70968 0 
344E-9 1.7088 0 
345E-9 1.70794 0 
346E-9 1.70709 0 
347E-9 1.70625 0 
348E-9 1.70542 0 
349E-9 1.7046 0 
350E-9 1.70379 0 
351E-9 1.70299 0 
352E-9 1.7022 0 
353E-9 1.70142 0 
354E-9 1.70065 0 
355E-9 1.69988 0 
356E-9 1.69913 0 
357E-9 1.69838 0 
358E-9 1.69765 0 
359E-9 1.69692 0 
360E-9 1.6962 0 
361E-9 1.69549 0 
362E-9 1.69479 0 
363E-9 1.6941 0 
364E-9 1.69341 0 
365E-9 1.69274 0 
366E-9 1.69207 0 
367E-9 1.6914 0 
368E-9 1.69075 0 
369E-9 1.6901 0 
370E-9 1.68946 0 
371E-9 1.68883 0 
372E-9 1.68821 0 
373E-9 1.68759 0 
374E-9 1.68698 0 
375E-9 1.68637 0 
376E-9 1.68577 0 
377E-9 1.68518 0 
378E-9 1.6846 0 
379E-9 1.68402 0 
380E-9 1.68345 0 
381E-9 1.68288 0 
382E-9 1.68233 0 
383E-9 1.68177 0 
384E-9 1.68122 0 
385E-9 1.68068 0 
386E-9 1.68015 0 
387E-9 1.67962 0 
388E-9 1.6791 0 
389E-9 1.67858 0 
390E-9 1.67806 0 
391E-9 1.67756 0 
392E-9 1.67706 0 
393E-9 1.67656 0 
394E-9 1.67607 0 
395E-9 1.67558 0 
396E-9 1.6751 0 
397E-9 1.67463 0 
398E-9 1.67415 0 
399E-9 1.67369 0 
400E-9 1.67323 0 
401E-9 1.67277 0 
402E-9 1.67232 0 
403E-9 1.67187 0 
404E-9 1.67143 0 
405E-9 1.67099 0 
406E-9 1.67056 0 
407E-9 1.67013 0 
408E-9 1.6697 0 
409E-9 1.66928 0 
410E-9 1.66887 0 
411E-9 1.66845 0 
412E-9 1.66805 0 
413E-9 1.66764 0 
414E-9 1.66724 0 
415E-9 1.66685 0 
416E-9 1.66645 0 
417E-9 1.66606 0 
418E-9 1.66568 0 
419E-9 1.6653 0 
420E-9 1.66492 0 
421E-9 1.66455 0 
422E-9 1.66418 0 
423E-9 1.66381 0 
424E-9 1.66345 0 
425E-9 1.66309 0 
426E-9 1.66273 0 
427E-9 1.66238 0 
428E-9 1.66203 0 
429E-9 1.66169 0 
430E-9 1.66134 0 
431E-9 1.661 0 
432E-9 1.66067 0 
433E-9 1.66034 0 
434E-9 1.66001 0 
435E-9 1.65968 0 
436E-9 1.65935 0 
437E-9 1.65903 0 
438E-9 1.65872 0 
439E-9 1.6584 0 
440E-9 1.65809 0 
441E-9 1.65778 0 
442E-9 1.65747 0 
443E-9 1.65717 0 
444E-9 1.65687 0 
445E-9 1.65657 0 
446E-9 1.65628 0 
447E-9 1.65598 0 
448E-9 1.65569 0 
449E-9 1.65541 0 
450E-9 1.65512 0 
451E-9 1.65484 0 
452E-9 1.65456 0 
453E-9 1.65428 0 
454E-9 1.65401 0 
455E-9 1.65374 0 
456E-9 1.65347 0 
457E-9 1.6532 0 
458E-9 1.65293 0 
459E-9 1.65267 0 
460E-9 1.65241 0 
461E-9 1.65215 0 
462E-9 1.65189 0 
463E-9 1.65164 0 
464E-9 1.65139 0 
465E-9 1.65114 0 
466E-9 1.65089 0 
467E-9 1.65065 0 
468E-9 1.6504 0 
469E-9 1.65016 0 
470E-9 1.64992 0 
471E-9 1.64968 0 
472E-9 1.64945 0 
473E-9 1.64922 0 
474E-9 1.64898 0 
475E-9 1.64876 0 
476E-9 1.64853 0 
477E-9 1.6483 0 
478E-9 1.64808 0 
479E-9 1.64786 0 
480E-9 1.64764 0 
481E-9 1.64742 0 
482E-9 1.6472 0 
483E-9 1.64699 0 
484E-9 1.64678 0 
485E-9 1.64656 0 
486E-9 1.64635 0 
487E-9 1.64615 0 
488E-9 1.64594 0 
489E-9 1.64574 0 
490E-9 1.64553 0 
491E-9 1.64533 0 
492E-9 1.64513 0 
493E-9 1.64494 0 
494E-9 1.64474 0 
495E-9 1.64454 0 
496E-9 1.64435 0 
497E-9 1.64416 0 
498E-9 1.64397 0 
499E-9 1.64378 0 
500E-9 1.64359 0 
501E-9 1.64341 0 
502E-9 1.64322 0 
503E-9 1.64304 0 
504E-9 1.64286 0 
505E-9 1.64268 0 
506E-9 1.6425 0 
507E-9 1.64232 0 
508E-9 1.64215 0 
509E-9 1.64197 0 
510E-9 1.6418 0 
511E-9 1.64163 0 
512E-9 1.64146 0 
513E-9 1.64129 0 
514E-9 1.64112 0 
515E-9 1.64095 0 
516E-9 1.64079 0 
517E-9 1.64062 0 
518E-9 1.64046 0 
519E-9 1.6403 0 
520E-9 1.64014 0 
521E-9 1.63998 0 
522E-9 1.63982 0 
523E-9 1.63966 0 
524E-9 1.63951 0 
525E-9 1.63935 0 
526E-9 1.6392 0 
527E-9 1.63905 0 
528E-9 1.63889 0 
529E-9 1.63874 0 
530E-9 1.63859 0 
531E-9 1.63845 0 
532E-9 1.6383 0 
533E-9 1.63815 0 
534E-9 1.63801 0 
535E-9 1.63786 0 
536E-9 1.63772 0 
537E-9 1.63758 0 
538E-9 1.63744 0 
539E-9 1.6373 0 
540E-9 1.63716 0 
541E-9 1.63702 0 
542E-9 1.63689 0 
543E-9 1.63675 0 
544E-9 1.63662 0 
545E-9 1.63648 0 
546E-9 1.63635 0 
547E-9 1.63622 0 
548E-9 1.63608 0 
549E-9 1.63596 0 
550E-9 1.63583 0 
551E-9 1.6357 0 
552E-9 1.63557 0 
553E-9 1.63544 0 
554E-9 1.63532 0 
555E-9 1.63519 0 
556E-9 1.63507 0 
557E-9 1.63495 0 
558E-9 1.63482 0 
559E-9 1.6347 0 
560E-9 1.63458 0 
561E-9 1.63446 0 
562E-9 1.63434 0 
563E-9 1.63422 0 
564E-9 1.63411 0 
565E-9 1.63399 0 
566E-9 1.63387 0 
567E-9 1.63376 0 
568E-9 1.63364 0 
569E-9 1.63353 0 
570E-9 1.63342 0 
571E-9 1.63331 0 
572E-9 1.63319 0 
573E-9 1.63308 0 
574E-9 1.63297 0 
575E-9 1.63286 0 
576E-9 1.63276 0 
577E-9 1.63265 0 
578E-9 1.63254 0 
579E-9 1.63243 0 
580E-9 1.63233 0 
581E-9 1.63222 0 
582E-9 1.63212 0 
583E-9 1.63202 0 
584E-9 1.63191 0 
585E-9 1.63181 0 
586E-9 1.63171 0 
587E-9 1.63161 0 
588E-9 1.63151 0 
589E-9 1.63141 0 
590E-9 1.63131 0 
591E-9 1.63121 0 
592E-9 1.63111 0 
593E-9 1.63102 0 
594E-9 1.63092 0 
595E-9 1.63082 0 
596E-9 1.63073 0 
597E-9 1.63063 0 
598E-9 1.63054 0 
599E-9 1.63045 0 
600E-9 1.63035 0 
601E-9 1.63026 0 
602E-9 1.63017 0 
603E-9 1.63008 0 
604E-9 1.62999 0 
605E-9 1.6299 0 
606E-9 1.62981 0 
607E-9 1.62972 0 
608E-9 1.62963 0 
609E-9 1.62954 0 
610E-9 1.62945 0 
611E-9 1.62937 0 
612E-9 1.62928 0 
613E-9 1.62919 0 
614E-9 1.62911 0 
615E-9 1.62902 0 
616E-9 1.62894 0 
617E-9 1.62886 0 
618E-9 1.62877 0 
619E-9 1.62869 0 
620E-9 1.62861 0 
621E-9 1.62853 0 
622E-9 1.62845 0 
623E-9 1.62837 0 
624E-9 1.62828 0 
625E-9 1.6282 0 
626E-9 1.62813 0 
627E-9 1.62805 0 
628E-9 1.62797 0 
629E-9 1.62789 0 
630E-9 1.62781 0 
631E-9 1.62773 0 
632E-9 1.62766 0 
633E-9 1.62758 0 
634E-9 1.62751 0 
635E-9 1.62743 0 
636E-9 1.62736 0 
637E-9 1.62728 0 
638E-9 1.62721 0 
639E-9 1.62713 0 
640E-9 1.62706 0 
641E-9 1.62699 0 
642E-9 1.62692 0 
643E-9 1.62685 0 
644E-9 1.62677 0 
645E-9 1.6267 0 
646E-9 1.62663 0 
647E-9 1.62656 0 
648E-9 1.62649 0 
649E-9 1.62642 0 
650E-9 1.62635 0 
651E-9 1.62628 0 
652E-9 1.62622 0 
653E-9 1.62615 0 
654E-9 1.62608 0 
655E-9 1.62601 0 
656E-9 1.62595 0 
657E-9 1.62588 0 
658E-9 1.62581 0 
659E-9 1.62575 0 
660E-9 1.62568 0 
661E-9 1.62562 0 
662E-9 1.62555 0 
663E-9 1.62549 0 
664E-9 1.62543 0 
665E-9 1.62536 0 
666E-9 1.6253 0 
667E-9 1.62524 0 
668E-9 1.62517 0 
669E-9 1.62511 0 
670E-9 1.62505 0 
671E-9 1.62499 0 
672E-9 1.62493 0 
673E-9 1.62487 0 
674E-9 1.62481 0 
675E-9 1.62475 0 
676E-9 1.62469 0 
677E-9 1.62463 0 
678E-9 1.62457 0 
679E-9 1.62451 0 
680E-9 1.62445 0 
681E-9 1.62439 0 
682E-9 1.62433 0 
683E-9 1.62428 0 
684E-9 1.62422 0 
685E-9 1.62416 0 
686E-9 1.6241 0 
687E-9 1.62405 0 
688E-9 1.62399 0 
689E-9 1.62394 0 
690E-9 1.62388 0 
691E-9 1.62383 0 
692E-9 1.62377 0 
693E-9 1.62372 0 
694E-9 1.62366 0 
695E-9 1.62361 0 
696E-9 1.62355 0 
697E-9 1.6235 0 
698E-9 1.62345 0 
699E-9 1.62339 0 
700E-9 1.62334 0 
701E-9 1.62329 0 
702E-9 1.62324 0 
703E-9 1.62318 0 
704E-9 1.62313 0 
705E-9 1.62308 0 
706E-9 1.62303 0 
707E-9 1.62298 0 
708E-9 1.62293 0 
709E-9 1.62288 0 
710E-9 1.62283 0 
711E-9 1.62278 0 
712E-9 1.62273 0 
713E-9 1.62268 0 
714E-9 1.62263 0 
715E-9 1.62258 0 
716E-9 1.62253 0 
717E-9 1.62249 0 
718E-9 1.62244 0 
719E-9 1.62239 0 
720E-9 1.62234 0 
721E-9 1.62229 0 
722E-9 1.62225 0 
723E-9 1.6222 0 
724E-9 1.62215 0 
725E-9 1.62211 0 
726E-9 1.62206 0 
727E-9 1.62201 0 
728E-9 1.62197 0 
729E-9 1.62192 0 
730E-9 1.62188 0 
731E-9 1.62183 0 
732E-9 1.62179 0 
733E-9 1.62174 0 
734E-9 1.6217 0 
735E-9 1.62165 0 
736E-9 1.62161 0 
737E-9 1.62157 0 
738E-9 1.62152 0 
739E-9 1.62148 0 
740E-9 1.62144 0 
741E-9 1.62139 0 
742E-9 1.62135 0 
743E-9 1.62131 0 
744E-9 1.62127 0 
745E-9 1.62122 0 
746E-9 1.62118 0 
747E-9 1.62114 0 
748E-9 1.6211 0 
749E-9 1.62106 0 
750E-9 1.62102 0 
751E-9 1.62097 0 
752E-9 1.62093 0 
753E-9 1.62089 0 
754E-9 1.62085 0 
755E-9 1.62081 0 
756E-9 1.62077 0 
757E-9 1.62073 0 
758E-9 1.62069 0 
759E-9 1.62065 0 
760E-9 1.62061 0 
761E-9 1.62058 0 
762E-9 1.62054 0 
763E-9 1.6205 0 
764E-9 1.62046 0 
765E-9 1.62042 0 
766E-9 1.62038 0 
767E-9 1.62035 0 
768E-9 1.62031 0 
769E-9 1.62027 0 
770E-9 1.62023 0 
771E-9 1.62019 0 
772E-9 1.62016 0 
773E-9 1.62012 0 
774E-9 1.62008 0 
775E-9 1.62005 0 
776E-9 1.62001 0 
777E-9 1.61997 0 
778E-9 1.61994 0 
779E-9 1.6199 0 
780E-9 1.61987 0 
781E-9 1.61983 0 
782E-9 1.61979 0 
783E-9 1.61976 0 
784E-9 1.61972 0 
785E-9 1.61969 0 
786E-9 1.61965 0 
787E-9 1.61962 0 
788E-9 1.61959 0 
789E-9 1.61955 0 
790E-9 1.61952 0 
791E-9 1.61948 0 
792E-9 1.61945 0 
793E-9 1.61941 0 
794E-9 1.61938 0 
795E-9 1.61935 0 
796E-9 1.61931 0 
797E-9 1.61928 0 
798E-9 1.61925 0 
799E-9 1.61921 0 
800E-9 1.61918 0 
