lambda n k
300E-9 2.00843 0.39856 
301E-9 2.00899 0.39266 
302E-9 2.00927 0.38682 
303E-9 2.00944 0.381 
304E-9 2.00944 0.37522 
305E-9 2.00923 0.3695 
306E-9 2.00891 0.36382 
307E-9 2.00837 0.3582 
308E-9 2.00767 0.35264 
309E-9 2.00686 0.34713 
310E-9 2.00578 0.34172 
311E-9 2.00461 0.33637 
312E-9 2.00327 0.33109 
313E-9 2.00173 0.32593 
314E-9 2.00009 0.32082 
315E-9 1.99825 0.31584 
316E-9 1.99625 0.31096 
317E-9 1.99416 0.30615 
318E-9 1.99184 0.30152 
319E-9 1.98941 0.29698 
320E-9 1.98686 0.29255 
321E-9 1.98412 0.2883 
322E-9 1.98129 0.28414 
323E-9 1.97831 0.28016 
324E-9 1.97519 0.27634 
325E-9 1.972 0.27263 
326E-9 1.96864 0.26916 
327E-9 1.96519 0.26582 
328E-9 1.96166 0.26263 
329E-9 1.958 0.2597 
330E-9 1.95429 0.25689 
331E-9 1.95049 0.2543 
332E-9 1.94661 0.25194 
333E-9 1.9427 0.24971 
334E-9 1.93871 0.24777 
335E-9 1.9347 0.246 
336E-9 1.93067 0.2444 
337E-9 1.92661 0.24312 
338E-9 1.92255 0.24197 
339E-9 1.91849 0.24106 
340E-9 1.91447 0.2404 
341E-9 1.91046 0.23988 
342E-9 1.90651 0.23966 
343E-9 1.90262 0.23961 
344E-9 1.89876 0.23972 
345E-9 1.89504 0.24014 
346E-9 1.89137 0.24067 
347E-9 1.88781 0.24141 
348E-9 1.8844 0.24236 
349E-9 1.88106 0.24343 
350E-9 1.8779 0.24472 
351E-9 1.87488 0.24614 
352E-9 1.87196 0.24767 
353E-9 1.86929 0.2494 
354E-9 1.86674 0.25121 
355E-9 1.86435 0.25312 
356E-9 1.86219 0.25515 
357E-9 1.86015 0.25723 
358E-9 1.85834 0.2594 
359E-9 1.85672 0.26162 
360E-9 1.85522 0.26386 
361E-9 1.85401 0.26615 
362E-9 1.85292 0.26843 
363E-9 1.85201 0.27073 
364E-9 1.85133 0.27299 
365E-9 1.85076 0.27524 
366E-9 1.8504 0.27744 
367E-9 1.8502 0.27959 
368E-9 1.85011 0.2817 
369E-9 1.85023 0.2837 
370E-9 1.85045 0.28563 
371E-9 1.85079 0.28749 
372E-9 1.85128 0.28922 
373E-9 1.85183 0.29088 
374E-9 1.8525 0.2924 
375E-9 1.85326 0.29381 
376E-9 1.85406 0.29514 
377E-9 1.85496 0.29629 
378E-9 1.85588 0.29735 
379E-9 1.85685 0.2983 
380E-9 1.85784 0.29909 
381E-9 1.85884 0.29979 
382E-9 1.85985 0.30035 
383E-9 1.86085 0.30079 
384E-9 1.86184 0.30115 
385E-9 1.86278 0.30136 
386E-9 1.8637 0.30148 
387E-9 1.86458 0.30152 
388E-9 1.86539 0.30143 
389E-9 1.86615 0.30129 
390E-9 1.86684 0.30105 
391E-9 1.86744 0.30074 
392E-9 1.86799 0.30038 
393E-9 1.86843 0.29995 
394E-9 1.86878 0.29948 
395E-9 1.86907 0.29898 
396E-9 1.86922 0.29844 
397E-9 1.8693 0.29788 
398E-9 1.86928 0.29731 
399E-9 1.86914 0.29675 
400E-9 1.86894 0.29618 
401E-9 1.8686 0.29564 
402E-9 1.86818 0.29512 
403E-9 1.86769 0.29462 
404E-9 1.86705 0.29418 
405E-9 1.86636 0.29378 
406E-9 1.86558 0.29344 
407E-9 1.8647 0.29317 
408E-9 1.86377 0.29295 
409E-9 1.86274 0.29284 
410E-9 1.86166 0.2928 
411E-9 1.86053 0.29282 
412E-9 1.85932 0.29299 
413E-9 1.85808 0.29323 
414E-9 1.8568 0.29356 
415E-9 1.85547 0.29404 
416E-9 1.85414 0.29458 
417E-9 1.85277 0.29527 
418E-9 1.8514 0.29608 
419E-9 1.85003 0.29695 
420E-9 1.84867 0.29802 
421E-9 1.84731 0.29916 
422E-9 1.84598 0.30041 
423E-9 1.84469 0.30182 
424E-9 1.84342 0.3033 
425E-9 1.84221 0.30493 
426E-9 1.84105 0.30666 
427E-9 1.83993 0.30847 
428E-9 1.83892 0.31044 
429E-9 1.83796 0.31248 
430E-9 1.83706 0.31461 
431E-9 1.83629 0.31686 
432E-9 1.83559 0.31917 
433E-9 1.83499 0.32158 
434E-9 1.83451 0.32407 
435E-9 1.8341 0.3266 
436E-9 1.83386 0.32923 
437E-9 1.8337 0.3319 
438E-9 1.83365 0.33462 
439E-9 1.83377 0.33739 
440E-9 1.83397 0.34019 
441E-9 1.83431 0.34302 
442E-9 1.8348 0.34587 
443E-9 1.83538 0.34873 
444E-9 1.83614 0.35161 
445E-9 1.837 0.35447 
446E-9 1.83797 0.35734 
447E-9 1.83912 0.36018 
448E-9 1.84036 0.363 
449E-9 1.84173 0.3658 
450E-9 1.84324 0.36855 
451E-9 1.84484 0.37127 
452E-9 1.84659 0.37392 
453E-9 1.84844 0.37653 
454E-9 1.85038 0.37909 
455E-9 1.85247 0.38155 
456E-9 1.85463 0.38396 
457E-9 1.85688 0.3863 
458E-9 1.85925 0.38853 
459E-9 1.86167 0.39071 
460E-9 1.8642 0.39277 
461E-9 1.8668 0.39474 
462E-9 1.86945 0.39665 
463E-9 1.8722 0.3984 
464E-9 1.87498 0.40009 
465E-9 1.87781 0.40167 
466E-9 1.8807 0.40312 
467E-9 1.88362 0.40451 
468E-9 1.88658 0.40575 
469E-9 1.88956 0.40689 
470E-9 1.89256 0.40797 
471E-9 1.89558 0.40887 
472E-9 1.8986 0.4097 
473E-9 1.90163 0.41043 
474E-9 1.90465 0.41102 
475E-9 1.90767 0.41155 
476E-9 1.91067 0.41195 
477E-9 1.91364 0.41226 
478E-9 1.91661 0.41249 
479E-9 1.91952 0.41259 
480E-9 1.92241 0.41262 
481E-9 1.92526 0.41258 
482E-9 1.92805 0.41242 
483E-9 1.93081 0.41221 
484E-9 1.93351 0.41191 
485E-9 1.93615 0.41154 
486E-9 1.93874 0.41112 
487E-9 1.94125 0.41061 
488E-9 1.9437 0.41006 
489E-9 1.9461 0.40947 
490E-9 1.9484 0.40881 
491E-9 1.95065 0.40813 
492E-9 1.95282 0.4074 
493E-9 1.95491 0.40665 
494E-9 1.95695 0.40587 
495E-9 1.95888 0.40507 
496E-9 1.96075 0.40426 
497E-9 1.96256 0.40345 
498E-9 1.96426 0.40263 
499E-9 1.96592 0.40181 
500E-9 1.96749 0.40101 
501E-9 1.96899 0.40022 
502E-9 1.97044 0.39944 
503E-9 1.97181 0.3987 
504E-9 1.97312 0.39798 
505E-9 1.97439 0.39729 
506E-9 1.97557 0.39666 
507E-9 1.97672 0.39605 
508E-9 1.97783 0.39549 
509E-9 1.97888 0.395 
510E-9 1.97991 0.39453 
511E-9 1.98089 0.39414 
512E-9 1.98186 0.39381 
513E-9 1.9828 0.39351 
514E-9 1.98372 0.39332 
515E-9 1.98463 0.39316 
516E-9 1.98554 0.39307 
517E-9 1.98645 0.39306 
518E-9 1.98737 0.39309 
519E-9 1.9883 0.39321 
520E-9 1.98925 0.39338 
521E-9 1.99022 0.3936 
522E-9 1.99123 0.39391 
523E-9 1.99227 0.39427 
524E-9 1.99335 0.39467 
525E-9 1.99449 0.39515 
526E-9 1.99566 0.39565 
527E-9 1.9969 0.39621 
528E-9 1.99821 0.39682 
529E-9 1.99956 0.39745 
530E-9 2.00102 0.39812 
531E-9 2.00253 0.39882 
532E-9 2.0041 0.39953 
533E-9 2.00579 0.40027 
534E-9 2.00753 0.40101 
535E-9 2.00937 0.40175 
536E-9 2.0113 0.40249 
537E-9 2.01328 0.40323 
538E-9 2.01539 0.40394 
539E-9 2.01758 0.40462 
540E-9 2.01982 0.40529 
541E-9 2.0222 0.4059 
542E-9 2.02463 0.40649 
543E-9 2.02714 0.40702 
544E-9 2.02975 0.40748 
545E-9 2.03241 0.4079 
546E-9 2.03517 0.40823 
547E-9 2.03798 0.40848 
548E-9 2.04085 0.40869 
549E-9 2.04381 0.40876 
550E-9 2.0468 0.40876 
551E-9 2.04984 0.40868 
552E-9 2.05293 0.40846 
553E-9 2.05605 0.40818 
554E-9 2.05921 0.40775 
555E-9 2.06239 0.40722 
556E-9 2.06558 0.40661 
557E-9 2.06878 0.40582 
558E-9 2.07198 0.40494 
559E-9 2.07518 0.40395 
560E-9 2.07835 0.40279 
561E-9 2.08151 0.40156 
562E-9 2.08462 0.40017 
563E-9 2.08769 0.39866 
564E-9 2.09073 0.39706 
565E-9 2.09367 0.39528 
566E-9 2.09656 0.39342 
567E-9 2.09938 0.39145 
568E-9 2.10208 0.38933 
569E-9 2.1047 0.38714 
570E-9 2.1072 0.38483 
571E-9 2.10957 0.38241 
572E-9 2.11185 0.37994 
573E-9 2.11393 0.37734 
574E-9 2.11588 0.37469 
575E-9 2.11771 0.37199 
576E-9 2.1193 0.36922 
577E-9 2.12077 0.36642 
578E-9 2.12204 0.36358 
579E-9 2.12309 0.36074 
580E-9 2.124 0.35791 
581E-9 2.12464 0.35509 
582E-9 2.12509 0.35232 
583E-9 2.12539 0.34959 
584E-9 2.12538 0.34697 
585E-9 2.12522 0.34443 
586E-9 2.12485 0.34201 
587E-9 2.12423 0.33978 
588E-9 2.12348 0.33765 
589E-9 2.12248 0.33578 
590E-9 2.12133 0.33412 
591E-9 2.12006 0.33261 
592E-9 2.11856 0.33152 
593E-9 2.117 0.33063 
594E-9 2.11533 0.33004 
595E-9 2.11359 0.32987 
596E-9 2.11181 0.32993 
597E-9 2.11003 0.33044 
598E-9 2.10829 0.33134 
599E-9 2.10658 0.33248 
600E-9 2.10505 0.33422 
601E-9 2.10364 0.33624 
602E-9 2.10239 0.33861 
603E-9 2.10149 0.34148 
604E-9 2.10079 0.34459 
605E-9 2.10047 0.34811 
606E-9 2.10057 0.35195 
607E-9 2.10094 0.35599 
608E-9 2.10198 0.3604 
609E-9 2.10342 0.36494 
610E-9 2.10528 0.36964 
611E-9 2.10794 0.37447 
612E-9 2.11098 0.37933 
613E-9 2.11467 0.38421 
614E-9 2.11904 0.38898 
615E-9 2.12381 0.39369 
616E-9 2.1294 0.39814 
617E-9 2.13548 0.40235 
618E-9 2.14198 0.40636 
619E-9 2.14929 0.40982 
620E-9 2.15691 0.41298 
621E-9 2.16503 0.41569 
622E-9 2.17364 0.41775 
623E-9 2.18251 0.41945 
624E-9 2.1918 0.4204 
625E-9 2.20133 0.42074 
626E-9 2.21102 0.42068 
627E-9 2.22095 0.41958 
628E-9 2.23093 0.41803 
629E-9 2.24096 0.41586 
630E-9 2.25095 0.41281 
631E-9 2.26088 0.40932 
632E-9 2.27067 0.40503 
633E-9 2.28025 0.4001 
634E-9 2.28968 0.39476 
635E-9 2.2987 0.38853 
636E-9 2.30745 0.3819 
637E-9 2.31591 0.37482 
638E-9 2.32379 0.36705 
639E-9 2.33139 0.35899 
640E-9 2.33847 0.35045 
641E-9 2.345 0.34151 
642E-9 2.35119 0.33234 
643E-9 2.35665 0.32277 
644E-9 2.36166 0.31301 
645E-9 2.36626 0.30308 
646E-9 2.37003 0.29292 
647E-9 2.37345 0.2827 
648E-9 2.3763 0.27239 
649E-9 2.3785 0.26204 
650E-9 2.38035 0.25169 
651E-9 2.3815 0.24139 
652E-9 2.3822 0.23117 
653E-9 2.38255 0.221 
654E-9 2.38217 0.21105 
655E-9 2.3815 0.20122 
656E-9 2.38041 0.19155 
657E-9 2.37879 0.18217 
658E-9 2.37693 0.17293 
659E-9 2.37461 0.164 
660E-9 2.37197 0.15534 
661E-9 2.36912 0.14686 
662E-9 2.36584 0.13881 
663E-9 2.36238 0.13098 
664E-9 2.35871 0.12341 
665E-9 2.35475 0.11627 
666E-9 2.35068 0.10934 
667E-9 2.34643 0.10275 
668E-9 2.34202 0.09651 
669E-9 2.33754 0.09048 
670E-9 2.33292 0.08487 
671E-9 2.32824 0.0795 
672E-9 2.32352 0.07436 
673E-9 2.31874 0.06965 
674E-9 2.31395 0.06511 
675E-9 2.30914 0.06085 
676E-9 2.30435 0.0569 
677E-9 2.29956 0.05312 
678E-9 2.29481 0.04965 
679E-9 2.29011 0.04638 
680E-9 2.28543 0.04326 
681E-9 2.28084 0.04047 
682E-9 2.27629 0.0378 
683E-9 2.27181 0.03531 
684E-9 2.26743 0.03304 
685E-9 2.26309 0.03088 
686E-9 2.25886 0.02891 
687E-9 2.25471 0.02708 
688E-9 2.25062 0.02534 
689E-9 2.24667 0.02379 
690E-9 2.24277 0.02232 
691E-9 2.23895 0.02095 
692E-9 2.23526 0.01971 
693E-9 2.23163 0.01854 
694E-9 2.22809 0.01746 
695E-9 2.22465 0.01647 
696E-9 2.22126 0.01553 
697E-9 2.21799 0.01468 
698E-9 2.21479 0.01389 
699E-9 2.21164 0.01313 
700E-9 2.20862 0.01246 
701E-9 2.20564 0.01182 
702E-9 2.20274 0.01122 
703E-9 2.19992 0.01067 
704E-9 2.19715 0.01015 
705E-9 2.19446 0.00967 
706E-9 2.19184 0.00922 
707E-9 2.18926 0.00879 
708E-9 2.18677 0.00841 
709E-9 2.18431 0.00803 
710E-9 2.18191 0.00768 
711E-9 2.17958 0.00736 
712E-9 2.17729 0.00705 
713E-9 2.17505 0.00675 
714E-9 2.17286 0.00648 
715E-9 2.17071 0.00622 
716E-9 2.16862 0.00597 
717E-9 2.16656 0.00574 
718E-9 2.16454 0.00551 
719E-9 2.16257 0.00531 
720E-9 2.16063 0.0051 
721E-9 2.15873 0.00491 
722E-9 2.15687 0.00473 
723E-9 2.15504 0.00456 
724E-9 2.15324 0.00439 
725E-9 2.15148 0.00423 
726E-9 2.14974 0.00408 
727E-9 2.14805 0.00394 
728E-9 2.14638 0.0038 
729E-9 2.14473 0.00366 
730E-9 2.14312 0.00354 
731E-9 2.14153 0.00341 
732E-9 2.13997 0.0033 
733E-9 2.13844 0.00318 
734E-9 2.13692 0.00308 
735E-9 2.13544 0.00297 
736E-9 2.13397 0.00287 
737E-9 2.13253 0.00278 
738E-9 2.13111 0.00269 
739E-9 2.12971 0.0026 
740E-9 2.12833 0.00251 
741E-9 2.12698 0.00243 
742E-9 2.12564 0.00235 
743E-9 2.12432 0.00227 
744E-9 2.12302 0.0022 
745E-9 2.12173 0.00213 
746E-9 2.12048 0.00206 
747E-9 2.11923 0.002 
748E-9 2.118 0.00193 
749E-9 2.11679 0.00187 
750E-9 2.11559 0.00181 
751E-9 2.11441 0.00176 
752E-9 2.11325 0.0017 
753E-9 2.11209 0.00165 
754E-9 2.11096 0.0016 
755E-9 2.10984 0.00155 
756E-9 2.10873 0.0015 
757E-9 2.10764 0.00146 
758E-9 2.10656 0.00141 
759E-9 2.10549 0.00137 
760E-9 2.10444 0.00133 
761E-9 2.1034 0.00129 
762E-9 2.10237 0.00125 
763E-9 2.10136 0.00121 
764E-9 2.10035 0.00118 
765E-9 2.09936 0.00114 
766E-9 2.09838 0.00111 
767E-9 2.09741 0.00108 
768E-9 2.09646 0.00105 
769E-9 2.09551 0.00102 
770E-9 2.09457 9.87463E-4 
771E-9 2.09365 9.59237E-4 
772E-9 2.09273 9.31597E-4 
773E-9 2.09183 9.05676E-4 
774E-9 2.09093 8.80077E-4 
775E-9 2.09004 8.54787E-4 
776E-9 2.08917 8.31258E-4 
777E-9 2.0883 8.08081E-4 
778E-9 2.08744 7.85316E-4 
779E-9 2.08659 7.6352E-4 
780E-9 2.08575 7.42252E-4 
781E-9 2.08492 7.22015E-4 
782E-9 2.0841 7.02159E-4 
783E-9 2.08328 6.82581E-4 
784E-9 2.08247 6.64238E-4 
785E-9 2.08168 6.46173E-4 
786E-9 2.08088 6.28462E-4 
787E-9 2.0801 6.11838E-4 
788E-9 2.07933 5.95567E-4 
789E-9 2.07856 5.79751E-4 
790E-9 2.0778 5.64377E-4 
791E-9 2.07704 5.49267E-4 
792E-9 2.0763 5.34714E-4 
793E-9 2.07556 5.20501E-4 
794E-9 2.07483 5.06579E-4 
795E-9 2.0741 4.93871E-4 
796E-9 2.07338 4.81214E-4 
797E-9 2.07267 4.68556E-4 
798E-9 2.07197 4.56403E-4 
799E-9 2.07127 4.44515E-4 
800E-9 2.07058 4.33122E-4 
