lambda n k
300E-9 1.54252 0.13628 
301E-9 1.53952 0.14087 
302E-9 1.53673 0.14568 
303E-9 1.53416 0.15073 
304E-9 1.53185 0.15601 
305E-9 1.52982 0.1615 
306E-9 1.5281 0.1672 
307E-9 1.52672 0.17309 
308E-9 1.52573 0.17914 
309E-9 1.52514 0.18533 
310E-9 1.52499 0.19163 
311E-9 1.5253 0.19799 
312E-9 1.52609 0.20438 
313E-9 1.52739 0.21072 
314E-9 1.5292 0.21698 
315E-9 1.53153 0.22309 
316E-9 1.53437 0.22897 
317E-9 1.53768 0.23458 
318E-9 1.54146 0.23984 
319E-9 1.54565 0.2447 
320E-9 1.5502 0.24909 
321E-9 1.55505 0.25296 
322E-9 1.56013 0.2563 
323E-9 1.56536 0.25905 
324E-9 1.57064 0.26124 
325E-9 1.57592 0.26284 
326E-9 1.5811 0.26388 
327E-9 1.5861 0.26439 
328E-9 1.59085 0.26441 
329E-9 1.59531 0.26398 
330E-9 1.5994 0.26319 
331E-9 1.60309 0.26208 
332E-9 1.60636 0.26073 
333E-9 1.60919 0.25921 
334E-9 1.61157 0.25758 
335E-9 1.6135 0.25593 
336E-9 1.61499 0.25431 
337E-9 1.61607 0.25278 
338E-9 1.61677 0.2514 
339E-9 1.6171 0.25023 
340E-9 1.61712 0.24931 
341E-9 1.61686 0.24867 
342E-9 1.61638 0.24836 
343E-9 1.61571 0.2484 
344E-9 1.61492 0.24882 
345E-9 1.61405 0.24965 
346E-9 1.61315 0.25088 
347E-9 1.6123 0.25253 
348E-9 1.61155 0.2546 
349E-9 1.61095 0.25708 
350E-9 1.61058 0.25997 
351E-9 1.6105 0.26323 
352E-9 1.61077 0.26685 
353E-9 1.61144 0.27077 
354E-9 1.61259 0.27495 
355E-9 1.61426 0.27932 
356E-9 1.61649 0.28382 
357E-9 1.61932 0.28835 
358E-9 1.62279 0.29283 
359E-9 1.62686 0.29715 
360E-9 1.63158 0.30121 
361E-9 1.63688 0.30492 
362E-9 1.64271 0.30815 
363E-9 1.64901 0.31084 
364E-9 1.65568 0.31288 
365E-9 1.66262 0.31422 
366E-9 1.66972 0.31481 
367E-9 1.67683 0.31464 
368E-9 1.68384 0.31371 
369E-9 1.69062 0.31204 
370E-9 1.69704 0.30969 
371E-9 1.703 0.30675 
372E-9 1.70842 0.30329 
373E-9 1.71321 0.29941 
374E-9 1.71733 0.29524 
375E-9 1.72074 0.29087 
376E-9 1.72343 0.28645 
377E-9 1.72539 0.28207 
378E-9 1.72664 0.27785 
379E-9 1.72722 0.27391 
380E-9 1.72715 0.27035 
381E-9 1.7265 0.26728 
382E-9 1.72533 0.2648 
383E-9 1.72372 0.263 
384E-9 1.72175 0.26199 
385E-9 1.71954 0.26184 
386E-9 1.7172 0.26268 
387E-9 1.71489 0.26458 
388E-9 1.71279 0.26762 
389E-9 1.71113 0.27188 
390E-9 1.71018 0.27738 
391E-9 1.71024 0.28411 
392E-9 1.7117 0.29201 
393E-9 1.71495 0.30085 
394E-9 1.72036 0.31033 
395E-9 1.72832 0.31996 
396E-9 1.73909 0.32908 
397E-9 1.75269 0.33689 
398E-9 1.76886 0.34255 
399E-9 1.78705 0.34526 
400E-9 1.80641 0.34441 
401E-9 1.8259 0.33971 
402E-9 1.84442 0.33136 
403E-9 1.86107 0.31984 
404E-9 1.87521 0.30592 
405E-9 1.8865 0.29041 
406E-9 1.89491 0.27414 
407E-9 1.90065 0.25778 
408E-9 1.90402 0.24184 
409E-9 1.90542 0.22667 
410E-9 1.90522 0.21248 
411E-9 1.90376 0.19935 
412E-9 1.90138 0.18731 
413E-9 1.89829 0.17634 
414E-9 1.89471 0.16635 
415E-9 1.8908 0.15728 
416E-9 1.88667 0.14904 
417E-9 1.88241 0.14156 
418E-9 1.87811 0.13475 
419E-9 1.8738 0.12854 
420E-9 1.86953 0.12287 
421E-9 1.86531 0.11768 
422E-9 1.86119 0.11292 
423E-9 1.85716 0.10854 
424E-9 1.85323 0.1045 
425E-9 1.8494 0.10077 
426E-9 1.84568 0.0973 
427E-9 1.84207 0.09409 
428E-9 1.83858 0.0911 
429E-9 1.83519 0.0883 
430E-9 1.83189 0.08569 
431E-9 1.82871 0.08324 
432E-9 1.82562 0.08094 
433E-9 1.82262 0.07878 
434E-9 1.81972 0.07674 
435E-9 1.8169 0.07481 
436E-9 1.81417 0.073 
437E-9 1.81151 0.07128 
438E-9 1.80893 0.06964 
439E-9 1.80643 0.06808 
440E-9 1.804 0.06661 
441E-9 1.80162 0.0652 
442E-9 1.79932 0.06386 
443E-9 1.79708 0.06258 
444E-9 1.79489 0.06136 
445E-9 1.79277 0.06019 
446E-9 1.79071 0.05907 
447E-9 1.78868 0.05798 
448E-9 1.78671 0.05695 
449E-9 1.7848 0.05596 
450E-9 1.78292 0.05501 
451E-9 1.78109 0.05409 
452E-9 1.77931 0.05321 
453E-9 1.77756 0.05235 
454E-9 1.77586 0.05154 
455E-9 1.77419 0.05074 
456E-9 1.77255 0.04998 
457E-9 1.77096 0.04924 
458E-9 1.7694 0.04852 
459E-9 1.76787 0.04783 
460E-9 1.76637 0.04716 
461E-9 1.76491 0.0465 
462E-9 1.76347 0.04588 
463E-9 1.76206 0.04527 
464E-9 1.76069 0.04467 
465E-9 1.75933 0.0441 
466E-9 1.75801 0.04354 
467E-9 1.75671 0.043 
468E-9 1.75543 0.04247 
469E-9 1.75418 0.04196 
470E-9 1.75294 0.04146 
471E-9 1.75173 0.04097 
472E-9 1.75055 0.0405 
473E-9 1.74939 0.04003 
474E-9 1.74824 0.03958 
475E-9 1.74712 0.03915 
476E-9 1.74601 0.03872 
477E-9 1.74492 0.0383 
478E-9 1.74385 0.0379 
479E-9 1.7428 0.0375 
480E-9 1.74176 0.03711 
481E-9 1.74075 0.03673 
482E-9 1.73975 0.03636 
483E-9 1.73876 0.036 
484E-9 1.73779 0.03565 
485E-9 1.73684 0.0353 
486E-9 1.7359 0.03496 
487E-9 1.73497 0.03463 
488E-9 1.73406 0.03431 
489E-9 1.73316 0.03399 
490E-9 1.73228 0.03368 
491E-9 1.7314 0.03338 
492E-9 1.73055 0.03308 
493E-9 1.7297 0.03278 
494E-9 1.72886 0.03249 
495E-9 1.72804 0.03222 
496E-9 1.72723 0.03194 
497E-9 1.72643 0.03167 
498E-9 1.72564 0.03141 
499E-9 1.72487 0.03115 
500E-9 1.7241 0.03089 
501E-9 1.72333 0.03064 
502E-9 1.72259 0.0304 
503E-9 1.72185 0.03016 
504E-9 1.72113 0.02992 
505E-9 1.72041 0.02969 
506E-9 1.7197 0.02946 
507E-9 1.719 0.02923 
508E-9 1.7183 0.02902 
509E-9 1.71762 0.02879 
510E-9 1.71695 0.02858 
511E-9 1.71628 0.02838 
512E-9 1.71563 0.02817 
513E-9 1.71498 0.02796 
514E-9 1.71434 0.02776 
515E-9 1.7137 0.02757 
516E-9 1.71308 0.02738 
517E-9 1.71246 0.02718 
518E-9 1.71185 0.027 
519E-9 1.71124 0.02682 
520E-9 1.71064 0.02663 
521E-9 1.71006 0.02645 
522E-9 1.70948 0.02628 
523E-9 1.7089 0.02611 
524E-9 1.70833 0.02593 
525E-9 1.70776 0.02577 
526E-9 1.70721 0.0256 
527E-9 1.70666 0.02544 
528E-9 1.70612 0.02528 
529E-9 1.70557 0.02512 
530E-9 1.70504 0.02496 
531E-9 1.70452 0.02481 
532E-9 1.70399 0.02466 
533E-9 1.70347 0.02451 
534E-9 1.70296 0.02436 
535E-9 1.70246 0.02421 
536E-9 1.70196 0.02407 
537E-9 1.70147 0.02393 
538E-9 1.70098 0.02379 
539E-9 1.70049 0.02365 
540E-9 1.70002 0.02351 
541E-9 1.69954 0.02338 
542E-9 1.69907 0.02325 
543E-9 1.6986 0.02311 
544E-9 1.69814 0.02299 
545E-9 1.69769 0.02286 
546E-9 1.69724 0.02274 
547E-9 1.69679 0.02261 
548E-9 1.69635 0.02249 
549E-9 1.69591 0.02236 
550E-9 1.69548 0.02225 
551E-9 1.69505 0.02213 
552E-9 1.69463 0.02201 
553E-9 1.69421 0.0219 
554E-9 1.69378 0.02178 
555E-9 1.69337 0.02167 
556E-9 1.69296 0.02155 
557E-9 1.69256 0.02145 
558E-9 1.69215 0.02134 
559E-9 1.69176 0.02123 
560E-9 1.69136 0.02112 
561E-9 1.69097 0.02102 
562E-9 1.69058 0.02091 
563E-9 1.6902 0.02081 
564E-9 1.68982 0.02071 
565E-9 1.68944 0.02061 
566E-9 1.68907 0.02051 
567E-9 1.6887 0.02041 
568E-9 1.68833 0.02031 
569E-9 1.68797 0.02022 
570E-9 1.68761 0.02012 
571E-9 1.68725 0.02003 
572E-9 1.6869 0.01994 
573E-9 1.68655 0.01985 
574E-9 1.6862 0.01975 
575E-9 1.68586 0.01966 
576E-9 1.68552 0.01957 
577E-9 1.68518 0.01949 
578E-9 1.68484 0.0194 
579E-9 1.6845 0.01931 
580E-9 1.68417 0.01923 
581E-9 1.68385 0.01914 
582E-9 1.68352 0.01906 
583E-9 1.6832 0.01898 
584E-9 1.68288 0.01889 
585E-9 1.68256 0.01881 
586E-9 1.68225 0.01873 
587E-9 1.68194 0.01865 
588E-9 1.68163 0.01857 
589E-9 1.68132 0.0185 
590E-9 1.68102 0.01842 
591E-9 1.68072 0.01834 
592E-9 1.68041 0.01826 
593E-9 1.68012 0.01819 
594E-9 1.67983 0.01812 
595E-9 1.67953 0.01804 
596E-9 1.67924 0.01796 
597E-9 1.67896 0.01789 
598E-9 1.67867 0.01782 
599E-9 1.67839 0.01775 
600E-9 1.67811 0.01768 
601E-9 1.67783 0.01761 
602E-9 1.67755 0.01754 
603E-9 1.67727 0.01747 
604E-9 1.67701 0.0174 
605E-9 1.67673 0.01734 
606E-9 1.67647 0.01727 
607E-9 1.6762 0.01721 
608E-9 1.67593 0.01714 
609E-9 1.67567 0.01707 
610E-9 1.67542 0.01701 
611E-9 1.67515 0.01695 
612E-9 1.67489 0.01688 
613E-9 1.67465 0.01682 
614E-9 1.67439 0.01675 
615E-9 1.67414 0.0167 
616E-9 1.67389 0.01663 
617E-9 1.67364 0.01657 
618E-9 1.6734 0.01652 
619E-9 1.67315 0.01645 
620E-9 1.67291 0.01639 
621E-9 1.67267 0.01633 
622E-9 1.67244 0.01628 
623E-9 1.6722 0.01622 
624E-9 1.67196 0.01616 
625E-9 1.67172 0.0161 
626E-9 1.67149 0.01605 
627E-9 1.67127 0.01599 
628E-9 1.67104 0.01594 
629E-9 1.67081 0.01588 
630E-9 1.67059 0.01582 
631E-9 1.67036 0.01577 
632E-9 1.67014 0.01572 
633E-9 1.66992 0.01566 
634E-9 1.6697 0.01561 
635E-9 1.66948 0.01556 
636E-9 1.66926 0.01551 
637E-9 1.66905 0.01545 
638E-9 1.66884 0.0154 
639E-9 1.66863 0.01535 
640E-9 1.66842 0.0153 
641E-9 1.66821 0.01526 
642E-9 1.668 0.01521 
643E-9 1.66779 0.01516 
644E-9 1.66759 0.01511 
645E-9 1.66738 0.01506 
646E-9 1.66718 0.01501 
647E-9 1.66698 0.01496 
648E-9 1.66679 0.01492 
649E-9 1.66658 0.01487 
650E-9 1.66639 0.01482 
651E-9 1.6662 0.01477 
652E-9 1.666 0.01472 
653E-9 1.66581 0.01468 
654E-9 1.66561 0.01463 
655E-9 1.66542 0.01459 
656E-9 1.66523 0.01455 
657E-9 1.66505 0.0145 
658E-9 1.66486 0.01445 
659E-9 1.66467 0.01441 
660E-9 1.66449 0.01437 
661E-9 1.6643 0.01432 
662E-9 1.66413 0.01428 
663E-9 1.66394 0.01424 
664E-9 1.66376 0.0142 
665E-9 1.66358 0.01415 
666E-9 1.66341 0.01411 
667E-9 1.66323 0.01407 
668E-9 1.66305 0.01402 
669E-9 1.66288 0.01399 
670E-9 1.6627 0.01394 
671E-9 1.66254 0.01391 
672E-9 1.66236 0.01386 
673E-9 1.66219 0.01382 
674E-9 1.66202 0.01378 
675E-9 1.66186 0.01375 
676E-9 1.66169 0.01371 
677E-9 1.66153 0.01367 
678E-9 1.66136 0.01363 
679E-9 1.6612 0.01359 
680E-9 1.66103 0.01355 
681E-9 1.66087 0.01352 
682E-9 1.66071 0.01348 
683E-9 1.66054 0.01344 
684E-9 1.66039 0.0134 
685E-9 1.66023 0.01336 
686E-9 1.66007 0.01333 
687E-9 1.65992 0.01329 
688E-9 1.65976 0.01325 
689E-9 1.65961 0.01322 
690E-9 1.65945 0.01318 
691E-9 1.6593 0.01315 
692E-9 1.65914 0.01311 
693E-9 1.659 0.01308 
694E-9 1.65885 0.01304 
695E-9 1.65869 0.013 
696E-9 1.65855 0.01297 
697E-9 1.6584 0.01294 
698E-9 1.65826 0.0129 
699E-9 1.65811 0.01287 
700E-9 1.65797 0.01284 
701E-9 1.65782 0.0128 
702E-9 1.65768 0.01277 
703E-9 1.65754 0.01273 
704E-9 1.6574 0.0127 
705E-9 1.65725 0.01267 
706E-9 1.65711 0.01263 
707E-9 1.65697 0.0126 
708E-9 1.65683 0.01257 
709E-9 1.6567 0.01254 
710E-9 1.65656 0.01251 
711E-9 1.65642 0.01248 
712E-9 1.65629 0.01244 
713E-9 1.65615 0.01241 
714E-9 1.65602 0.01238 
715E-9 1.65589 0.01235 
716E-9 1.65575 0.01232 
717E-9 1.65562 0.01229 
718E-9 1.65549 0.01226 
719E-9 1.65536 0.01223 
720E-9 1.65523 0.0122 
721E-9 1.6551 0.01217 
722E-9 1.65497 0.01214 
723E-9 1.65484 0.01211 
724E-9 1.65472 0.01208 
725E-9 1.65459 0.01205 
726E-9 1.65447 0.01202 
727E-9 1.65434 0.01199 
728E-9 1.65422 0.01197 
729E-9 1.6541 0.01194 
730E-9 1.65397 0.01191 
731E-9 1.65385 0.01188 
732E-9 1.65373 0.01185 
733E-9 1.65361 0.01182 
734E-9 1.65348 0.0118 
735E-9 1.65336 0.01177 
736E-9 1.65325 0.01174 
737E-9 1.65313 0.01171 
738E-9 1.65301 0.01168 
739E-9 1.65289 0.01166 
740E-9 1.65278 0.01163 
741E-9 1.65266 0.0116 
742E-9 1.65254 0.01158 
743E-9 1.65243 0.01156 
744E-9 1.65231 0.01153 
745E-9 1.6522 0.0115 
746E-9 1.65209 0.01147 
747E-9 1.65198 0.01145 
748E-9 1.65186 0.01142 
749E-9 1.65175 0.01139 
750E-9 1.65164 0.01137 
751E-9 1.65154 0.01134 
752E-9 1.65143 0.01132 
753E-9 1.65131 0.0113 
754E-9 1.6512 0.01127 
755E-9 1.6511 0.01124 
756E-9 1.65099 0.01122 
757E-9 1.65089 0.01119 
758E-9 1.65078 0.01117 
759E-9 1.65067 0.01115 
760E-9 1.65056 0.01112 
761E-9 1.65046 0.01109 
762E-9 1.65035 0.01107 
763E-9 1.65025 0.01105 
764E-9 1.65014 0.01103 
765E-9 1.65005 0.011 
766E-9 1.64995 0.01097 
767E-9 1.64984 0.01095 
768E-9 1.64974 0.01093 
769E-9 1.64964 0.01091 
770E-9 1.64954 0.01088 
771E-9 1.64944 0.01086 
772E-9 1.64934 0.01084 
773E-9 1.64924 0.01082 
774E-9 1.64914 0.01079 
775E-9 1.64905 0.01077 
776E-9 1.64895 0.01075 
777E-9 1.64885 0.01072 
778E-9 1.64876 0.0107 
779E-9 1.64866 0.01068 
780E-9 1.64856 0.01066 
781E-9 1.64847 0.01063 
782E-9 1.64837 0.01061 
783E-9 1.64828 0.01059 
784E-9 1.64818 0.01057 
785E-9 1.64809 0.01055 
786E-9 1.648 0.01052 
787E-9 1.64791 0.01051 
788E-9 1.64781 0.01048 
789E-9 1.64772 0.01047 
790E-9 1.64763 0.01044 
791E-9 1.64754 0.01042 
792E-9 1.64745 0.0104 
793E-9 1.64736 0.01038 
794E-9 1.64727 0.01036 
795E-9 1.64718 0.01034 
796E-9 1.64709 0.01032 
797E-9 1.64701 0.0103 
798E-9 1.64692 0.01027 
799E-9 1.64683 0.01026 
800E-9 1.64674 0.01023 
801E-9 1.64666 0.01021 
802E-9 1.64657 0.0102 
803E-9 1.64648 0.01017 
804E-9 1.6464 0.01016 
805E-9 1.64631 0.01014 
806E-9 1.64623 0.01012 
807E-9 1.64614 0.0101 
808E-9 1.64606 0.01008 
809E-9 1.64598 0.01006 
810E-9 1.6459 0.01004 
811E-9 1.64581 0.01002 
812E-9 1.64573 0.01 
813E-9 1.64565 0.00998 
814E-9 1.64556 0.00996 
815E-9 1.64549 0.00995 
816E-9 1.6454 0.00992 
817E-9 1.64532 0.00991 
818E-9 1.64524 0.00989 
819E-9 1.64517 0.00987 
820E-9 1.64508 0.00985 
821E-9 1.64501 0.00983 
822E-9 1.64493 0.00981 
823E-9 1.64485 0.0098 
824E-9 1.64477 0.00977 
825E-9 1.64469 0.00976 
826E-9 1.64461 0.00974 
827E-9 1.64454 0.00972 
828E-9 1.64446 0.0097 
829E-9 1.64438 0.00969 
830E-9 1.64431 0.00967 
831E-9 1.64424 0.00965 
832E-9 1.64416 0.00963 
833E-9 1.64408 0.00962 
834E-9 1.64401 0.0096 
835E-9 1.64394 0.00958 
836E-9 1.64386 0.00957 
837E-9 1.64378 0.00955 
838E-9 1.64371 0.00953 
839E-9 1.64364 0.00951 
840E-9 1.64357 0.00949 
841E-9 1.6435 0.00948 
842E-9 1.64342 0.00946 
843E-9 1.64335 0.00945 
844E-9 1.64327 0.00943 
845E-9 1.6432 0.00941 
846E-9 1.64313 0.00939 
847E-9 1.64306 0.00938 
848E-9 1.64299 0.00936 
849E-9 1.64292 0.00934 
850E-9 1.64285 0.00933 
851E-9 1.64278 0.00931 
852E-9 1.64271 0.00929 
853E-9 1.64264 0.00928 
854E-9 1.64258 0.00926 
855E-9 1.64251 0.00925 
856E-9 1.64244 0.00923 
857E-9 1.64238 0.00922 
858E-9 1.64231 0.0092 
859E-9 1.64224 0.00918 
860E-9 1.64217 0.00917 
861E-9 1.6421 0.00915 
862E-9 1.64203 0.00913 
863E-9 1.64197 0.00912 
864E-9 1.64191 0.00911 
865E-9 1.64184 0.00909 
866E-9 1.64177 0.00907 
867E-9 1.64171 0.00906 
868E-9 1.64165 0.00904 
869E-9 1.64158 0.00903 
870E-9 1.64152 0.00902 
871E-9 1.64145 0.009 
872E-9 1.64139 0.00898 
873E-9 1.64133 0.00897 
874E-9 1.64126 0.00895 
875E-9 1.6412 0.00894 
876E-9 1.64114 0.00893 
877E-9 1.64107 0.00891 
878E-9 1.64101 0.00889 
879E-9 1.64095 0.00888 
880E-9 1.64089 0.00886 
881E-9 1.64083 0.00885 
882E-9 1.64077 0.00884 
883E-9 1.6407 0.00882 
884E-9 1.64064 0.00881 
885E-9 1.64058 0.00879 
886E-9 1.64052 0.00878 
887E-9 1.64046 0.00876 
888E-9 1.6404 0.00875 
889E-9 1.64034 0.00874 
890E-9 1.64029 0.00872 
891E-9 1.64023 0.0087 
892E-9 1.64017 0.00869 
893E-9 1.6401 0.00868 
894E-9 1.64005 0.00866 
895E-9 1.63999 0.00865 
896E-9 1.63993 0.00864 
897E-9 1.63988 0.00863 
898E-9 1.63982 0.00861 
899E-9 1.63976 0.00859 
900E-9 1.6397 0.00858 
901E-9 1.63964 0.00857 
902E-9 1.63959 0.00855 
903E-9 1.63953 0.00854 
904E-9 1.63948 0.00853 
905E-9 1.63942 0.00852 
906E-9 1.63937 0.0085 
907E-9 1.63931 0.00849 
908E-9 1.63925 0.00847 
909E-9 1.6392 0.00846 
910E-9 1.63915 0.00845 
911E-9 1.63909 0.00843 
912E-9 1.63904 0.00842 
913E-9 1.63898 0.00841 
914E-9 1.63893 0.0084 
915E-9 1.63887 0.00838 
916E-9 1.63882 0.00837 
917E-9 1.63876 0.00836 
918E-9 1.63871 0.00835 
919E-9 1.63866 0.00834 
920E-9 1.6386 0.00832 
921E-9 1.63855 0.0083 
922E-9 1.63851 0.00829 
923E-9 1.63845 0.00828 
924E-9 1.6384 0.00827 
925E-9 1.63835 0.00826 
926E-9 1.63829 0.00824 
927E-9 1.63824 0.00823 
928E-9 1.63819 0.00822 
929E-9 1.63814 0.00821 
930E-9 1.63809 0.0082 
931E-9 1.63804 0.00819 
932E-9 1.63799 0.00817 
933E-9 1.63794 0.00816 
934E-9 1.63788 0.00815 
935E-9 1.63784 0.00813 
936E-9 1.63779 0.00812 
937E-9 1.63774 0.00811 
938E-9 1.63769 0.00809 
939E-9 1.63764 0.00808 
940E-9 1.63759 0.00807 
941E-9 1.63754 0.00806 
942E-9 1.63749 0.00805 
943E-9 1.63744 0.00804 
944E-9 1.6374 0.00803 
945E-9 1.63735 0.00801 
946E-9 1.6373 0.008 
947E-9 1.63725 0.00799 
948E-9 1.6372 0.00798 
949E-9 1.63715 0.00797 
950E-9 1.63711 0.00796 
951E-9 1.63706 0.00795 
952E-9 1.63702 0.00794 
953E-9 1.63697 0.00793 
954E-9 1.63692 0.00791 
955E-9 1.63687 0.0079 
956E-9 1.63683 0.00789 
957E-9 1.63678 0.00788 
958E-9 1.63674 0.00787 
959E-9 1.6367 0.00786 
960E-9 1.63665 0.00785 
961E-9 1.6366 0.00784 
962E-9 1.63656 0.00783 
963E-9 1.63651 0.00782 
964E-9 1.63647 0.0078 
965E-9 1.63642 0.00779 
966E-9 1.63637 0.00778 
967E-9 1.63633 0.00777 
968E-9 1.63629 0.00776 
969E-9 1.63624 0.00775 
970E-9 1.6362 0.00774 
971E-9 1.63616 0.00773 
972E-9 1.63611 0.00772 
973E-9 1.63607 0.00771 
974E-9 1.63603 0.0077 
975E-9 1.63598 0.00769 
976E-9 1.63593 0.00768 
977E-9 1.63589 0.00767 
978E-9 1.63585 0.00765 
979E-9 1.63581 0.00764 
980E-9 1.63576 0.00763 
981E-9 1.63572 0.00762 
982E-9 1.63568 0.00761 
983E-9 1.63564 0.0076 
984E-9 1.6356 0.00759 
985E-9 1.63556 0.00758 
986E-9 1.63551 0.00757 
987E-9 1.63547 0.00756 
988E-9 1.63543 0.00755 
989E-9 1.63539 0.00754 
990E-9 1.63535 0.00753 
991E-9 1.63531 0.00752 
992E-9 1.63527 0.00751 
993E-9 1.63523 0.0075 
994E-9 1.63519 0.00749 
995E-9 1.63514 0.00748 
996E-9 1.6351 0.00747 
997E-9 1.63506 0.00746 
998E-9 1.63502 0.00745 
999E-9 1.63498 0.00744 
1000E-9 1.63495 0.00743 
1001E-9 1.63491 0.00742 
1002E-9 1.63487 0.00741 
1003E-9 1.63483 0.0074 
1004E-9 1.63479 0.00739 
1005E-9 1.63475 0.00738 
1006E-9 1.63471 0.00737 
1007E-9 1.63467 0.00736 
1008E-9 1.63463 0.00735 
1009E-9 1.63459 0.00734 
1010E-9 1.63456 0.00733 
1011E-9 1.63452 0.00732 
1012E-9 1.63448 0.00731 
1013E-9 1.63444 0.0073 
1014E-9 1.6344 0.00729 
1015E-9 1.63437 0.00728 
1016E-9 1.63433 0.00727 
1017E-9 1.63429 0.00726 
1018E-9 1.63425 0.00725 
1019E-9 1.63422 0.00724 
1020E-9 1.63418 0.00723 
1021E-9 1.63414 0.00722 
1022E-9 1.63411 0.00722 
1023E-9 1.63407 0.00721 
1024E-9 1.63404 0.0072 
1025E-9 1.634 0.00719 
1026E-9 1.63396 0.00718 
1027E-9 1.63392 0.00717 
1028E-9 1.63389 0.00716 
1029E-9 1.63385 0.00715 
1030E-9 1.63382 0.00714 
1031E-9 1.63378 0.00713 
1032E-9 1.63374 0.00713 
1033E-9 1.63371 0.00712 
1034E-9 1.63367 0.00711 
1035E-9 1.63364 0.0071 
1036E-9 1.6336 0.00709 
1037E-9 1.63357 0.00708 
1038E-9 1.63353 0.00707 
1039E-9 1.6335 0.00706 
1040E-9 1.63346 0.00705 
1041E-9 1.63343 0.00704 
1042E-9 1.63339 0.00703 
1043E-9 1.63336 0.00703 
1044E-9 1.63332 0.00702 
1045E-9 1.63329 0.00701 
1046E-9 1.63325 0.007 
1047E-9 1.63322 0.007 
1048E-9 1.63319 0.00699 
1049E-9 1.63316 0.00698 
1050E-9 1.63312 0.00697 
1051E-9 1.63308 0.00696 
1052E-9 1.63305 0.00695 
1053E-9 1.63302 0.00694 
1054E-9 1.63299 0.00693 
1055E-9 1.63296 0.00692 
1056E-9 1.63292 0.00691 
1057E-9 1.63289 0.0069 
1058E-9 1.63285 0.00689 
1059E-9 1.63282 0.00689 
1060E-9 1.63279 0.00688 
1061E-9 1.63276 0.00687 
1062E-9 1.63273 0.00687 
1063E-9 1.6327 0.00686 
1064E-9 1.63266 0.00685 
1065E-9 1.63263 0.00684 
1066E-9 1.63259 0.00683 
1067E-9 1.63256 0.00682 
1068E-9 1.63253 0.00682 
1069E-9 1.6325 0.00681 
1070E-9 1.63247 0.0068 
1071E-9 1.63244 0.00679 
1072E-9 1.63241 0.00678 
1073E-9 1.63238 0.00677 
1074E-9 1.63234 0.00676 
1075E-9 1.63231 0.00675 
1076E-9 1.63228 0.00675 
1077E-9 1.63225 0.00674 
1078E-9 1.63222 0.00674 
1079E-9 1.63219 0.00673 
1080E-9 1.63216 0.00672 
1081E-9 1.63213 0.00671 
1082E-9 1.63209 0.0067 
1083E-9 1.63206 0.00669 
1084E-9 1.63203 0.00669 
1085E-9 1.632 0.00668 
1086E-9 1.63197 0.00667 
1087E-9 1.63194 0.00666 
1088E-9 1.63191 0.00665 
1089E-9 1.63188 0.00664 
1090E-9 1.63185 0.00664 
1091E-9 1.63182 0.00663 
1092E-9 1.63179 0.00663 
1093E-9 1.63176 0.00662 
1094E-9 1.63173 0.00661 
1095E-9 1.6317 0.0066 
1096E-9 1.63167 0.00659 
1097E-9 1.63165 0.00659 
1098E-9 1.63162 0.00658 
1099E-9 1.6316 0.00657 
1100E-9 1.63157 0.00656 
