lambda n k
350E-9 1.64651 0.204 
351E-9 1.64633 0.204 
352E-9 1.64616 0.204 
353E-9 1.64597 0.204 
354E-9 1.64576 0.204 
355E-9 1.64553 0.204 
356E-9 1.64529 0.203 
357E-9 1.64503 0.203 
358E-9 1.64475 0.203 
359E-9 1.64445 0.204 
360E-9 1.64413 0.203 
361E-9 1.6438 0.202 
362E-9 1.64345 0.201 
363E-9 1.64308 0.2 
364E-9 1.64269 0.199 
365E-9 1.64228 0.199 
366E-9 1.64185 0.2 
367E-9 1.6414 0.202 
368E-9 1.64093 0.205 
369E-9 1.64045 0.208 
370E-9 1.63994 0.209 
371E-9 1.63941 0.21 
372E-9 1.63887 0.211 
373E-9 1.6383 0.211 
374E-9 1.63771 0.211 
375E-9 1.6371 0.21 
376E-9 1.63647 0.209 
377E-9 1.63582 0.208 
378E-9 1.63515 0.208 
379E-9 1.63445 0.207 
380E-9 1.63374 0.206 
381E-9 1.633 0.205 
382E-9 1.63224 0.204 
383E-9 1.63146 0.203 
384E-9 1.63065 0.201 
385E-9 1.62983 0.199 
386E-9 1.62898 0.197 
387E-9 1.62811 0.195 
388E-9 1.62722 0.193 
389E-9 1.62631 0.191 
390E-9 1.62537 0.19 
391E-9 1.62441 0.189 
392E-9 1.62343 0.189 
393E-9 1.62243 0.188 
394E-9 1.62141 0.188 
395E-9 1.62036 0.187 
396E-9 1.61929 0.187 
397E-9 1.61821 0.186 
398E-9 1.6171 0.186 
399E-9 1.61596 0.186 
400E-9 1.61481 0.186 
401E-9 1.61364 0.186 
402E-9 1.61245 0.187 
403E-9 1.61124 0.187 
404E-9 1.61001 0.188 
405E-9 1.60876 0.188 
406E-9 1.60749 0.189 
407E-9 1.6062 0.189 
408E-9 1.6049 0.19 
409E-9 1.60358 0.19 
410E-9 1.60224 0.19 
411E-9 1.60089 0.191 
412E-9 1.59952 0.192 
413E-9 1.59814 0.192 
414E-9 1.59674 0.193 
415E-9 1.59533 0.193 
416E-9 1.59391 0.194 
417E-9 1.59248 0.195 
418E-9 1.59104 0.195 
419E-9 1.58959 0.196 
420E-9 1.58813 0.197 
421E-9 1.58666 0.197 
422E-9 1.58519 0.198 
423E-9 1.58371 0.198 
424E-9 1.58223 0.199 
425E-9 1.58075 0.2 
426E-9 1.57926 0.201 
427E-9 1.57778 0.201 
428E-9 1.5763 0.202 
429E-9 1.57482 0.203 
430E-9 1.57335 0.203 
431E-9 1.57188 0.204 
432E-9 1.57043 0.205 
433E-9 1.56899 0.206 
434E-9 1.56756 0.207 
435E-9 1.56615 0.208 
436E-9 1.56476 0.209 
437E-9 1.5634 0.21 
438E-9 1.56208 0.211 
439E-9 1.5608 0.212 
440E-9 1.55956 0.213 
441E-9 1.55834 0.214 
442E-9 1.55714 0.216 
443E-9 1.55597 0.217 
444E-9 1.5548 0.218 
445E-9 1.55366 0.219 
446E-9 1.55253 0.221 
447E-9 1.55141 0.222 
448E-9 1.55031 0.223 
449E-9 1.54922 0.224 
450E-9 1.54815 0.225 
451E-9 1.54708 0.226 
452E-9 1.54603 0.227 
453E-9 1.54499 0.228 
454E-9 1.54395 0.23 
455E-9 1.54293 0.231 
456E-9 1.54192 0.232 
457E-9 1.54092 0.234 
458E-9 1.53993 0.235 
459E-9 1.53895 0.237 
460E-9 1.53798 0.238 
461E-9 1.53702 0.24 
462E-9 1.53607 0.241 
463E-9 1.53512 0.243 
464E-9 1.53419 0.244 
465E-9 1.53326 0.246 
466E-9 1.53235 0.248 
467E-9 1.53144 0.249 
468E-9 1.53054 0.251 
469E-9 1.52965 0.253 
470E-9 1.52877 0.255 
471E-9 1.5279 0.257 
472E-9 1.52704 0.259 
473E-9 1.52619 0.261 
474E-9 1.52534 0.263 
475E-9 1.52451 0.265 
476E-9 1.52368 0.267 
477E-9 1.52286 0.269 
478E-9 1.52205 0.271 
479E-9 1.52125 0.274 
480E-9 1.52046 0.276 
481E-9 1.51968 0.278 
482E-9 1.51891 0.28 
483E-9 1.51814 0.282 
484E-9 1.51739 0.285 
485E-9 1.51664 0.287 
486E-9 1.51591 0.289 
487E-9 1.51518 0.292 
488E-9 1.51446 0.294 
489E-9 1.51375 0.296 
490E-9 1.51306 0.298 
491E-9 1.51236 0.301 
492E-9 1.51169 0.302 
493E-9 1.51101 0.304 
494E-9 1.51035 0.307 
495E-9 1.5097 0.309 
496E-9 1.50906 0.312 
497E-9 1.50843 0.314 
498E-9 1.50781 0.316 
499E-9 1.5072 0.319 
500E-9 1.50659 0.321 
501E-9 1.506 0.324 
502E-9 1.50542 0.326 
503E-9 1.50485 0.328 
504E-9 1.50429 0.33 
505E-9 1.50373 0.332 
506E-9 1.50319 0.335 
507E-9 1.50266 0.337 
508E-9 1.50214 0.34 
509E-9 1.50163 0.343 
510E-9 1.50112 0.345 
511E-9 1.50063 0.348 
512E-9 1.50015 0.351 
513E-9 1.49968 0.354 
514E-9 1.49922 0.356 
515E-9 1.49876 0.359 
516E-9 1.49832 0.362 
517E-9 1.49789 0.365 
518E-9 1.49747 0.367 
519E-9 1.49705 0.37 
520E-9 1.49665 0.373 
521E-9 1.49626 0.376 
522E-9 1.49587 0.379 
523E-9 1.49549 0.382 
524E-9 1.49513 0.385 
525E-9 1.49477 0.388 
526E-9 1.49442 0.39 
527E-9 1.49407 0.393 
528E-9 1.49374 0.395 
529E-9 1.49341 0.398 
530E-9 1.49309 0.401 
531E-9 1.49278 0.404 
532E-9 1.49247 0.407 
533E-9 1.49217 0.41 
534E-9 1.49188 0.413 
535E-9 1.49159 0.416 
536E-9 1.4913 0.419 
537E-9 1.49102 0.421 
538E-9 1.49075 0.424 
539E-9 1.49047 0.428 
540E-9 1.4902 0.431 
541E-9 1.48994 0.434 
542E-9 1.48967 0.437 
543E-9 1.4894 0.44 
544E-9 1.48914 0.444 
545E-9 1.48887 0.447 
546E-9 1.4886 0.45 
547E-9 1.48833 0.454 
548E-9 1.48805 0.458 
549E-9 1.48777 0.461 
550E-9 1.48748 0.465 
551E-9 1.48719 0.469 
552E-9 1.48689 0.472 
553E-9 1.48658 0.477 
554E-9 1.48625 0.481 
555E-9 1.48591 0.485 
556E-9 1.48556 0.49 
557E-9 1.48519 0.495 
558E-9 1.48481 0.499 
559E-9 1.4844 0.504 
560E-9 1.48397 0.509 
561E-9 1.48351 0.514 
562E-9 1.48303 0.519 
563E-9 1.48252 0.524 
564E-9 1.48197 0.529 
565E-9 1.48138 0.534 
566E-9 1.48076 0.539 
567E-9 1.48009 0.543 
568E-9 1.47937 0.548 
569E-9 1.4786 0.553 
570E-9 1.47777 0.558 
571E-9 1.47688 0.563 
572E-9 1.47593 0.568 
573E-9 1.47489 0.572 
574E-9 1.47378 0.577 
575E-9 1.47259 0.581 
576E-9 1.4713 0.585 
577E-9 1.46992 0.589 
578E-9 1.46844 0.593 
579E-9 1.46684 0.597 
580E-9 1.46512 0.6 
581E-9 1.46329 0.603 
582E-9 1.46132 0.606 
583E-9 1.45922 0.609 
584E-9 1.457 0.612 
585E-9 1.45463 0.615 
586E-9 1.45212 0.618 
587E-9 1.44948 0.621 
588E-9 1.44669 0.624 
589E-9 1.44378 0.626 
590E-9 1.44076 0.629 
591E-9 1.43762 0.632 
592E-9 1.4344 0.635 
593E-9 1.43111 0.638 
594E-9 1.42777 0.641 
595E-9 1.42442 0.644 
596E-9 1.42109 0.648 
597E-9 1.41783 0.652 
598E-9 1.41468 0.655 
599E-9 1.41167 0.659 
600E-9 1.4089 0.664 
601E-9 1.4064 0.668 
602E-9 1.40421 0.673 
603E-9 1.40248 0.678 
604E-9 1.4012 0.683 
605E-9 1.40044 0.688 
606E-9 1.40035 0.693 
607E-9 1.4009 0.698 
608E-9 1.40216 0.704 
609E-9 1.4043 0.709 
610E-9 1.40722 0.715 
611E-9 1.41101 0.721 
612E-9 1.41578 0.726 
613E-9 1.42142 0.731 
614E-9 1.42799 0.736 
615E-9 1.43556 0.74 
616E-9 1.44399 0.745 
617E-9 1.45332 0.749 
618E-9 1.46354 0.753 
619E-9 1.47452 0.757 
620E-9 1.48626 0.76 
621E-9 1.49872 0.763 
622E-9 1.51174 0.765 
623E-9 1.52533 0.766 
624E-9 1.53938 0.768 
625E-9 1.55379 0.768 
626E-9 1.56849 0.768 
627E-9 1.5834 0.767 
628E-9 1.59842 0.766 
629E-9 1.61348 0.764 
630E-9 1.62847 0.762 
631E-9 1.64335 0.758 
632E-9 1.658 0.754 
633E-9 1.67237 0.75 
634E-9 1.6864 0.744 
635E-9 1.69998 0.738 
636E-9 1.7131 0.732 
637E-9 1.72571 0.724 
638E-9 1.73768 0.716 
639E-9 1.74905 0.707 
640E-9 1.7598 0.699 
641E-9 1.76977 0.689 
642E-9 1.77906 0.68 
643E-9 1.78764 0.67 
644E-9 1.79538 0.66 
645E-9 1.80241 0.65 
646E-9 1.80867 0.64 
647E-9 1.81411 0.629 
648E-9 1.81882 0.619 
649E-9 1.82278 0.609 
650E-9 1.82594 0.599 
651E-9 1.82843 0.589 
652E-9 1.8302 0.579 
653E-9 1.83052 0.57 
654E-9 1.82933 0.561 
655E-9 1.82815 0.553 
656E-9 1.82697 0.544 
657E-9 1.82578 0.536 
658E-9 1.8246 0.528 
659E-9 1.82341 0.521 
660E-9 1.82223 0.514 
661E-9 1.81905 0.508 
662E-9 1.81543 0.503 
663E-9 1.81149 0.498 
664E-9 1.80721 0.493 
665E-9 1.80267 0.489 
666E-9 1.7979 0.485 
667E-9 1.79291 0.482 
668E-9 1.78776 0.479 
669E-9 1.78247 0.477 
670E-9 1.77706 0.475 
671E-9 1.77156 0.473 
672E-9 1.766 0.472 
673E-9 1.7604 0.47 
674E-9 1.75478 0.47 
675E-9 1.74917 0.47 
676E-9 1.74356 0.47 
677E-9 1.73799 0.471 
678E-9 1.73247 0.471 
679E-9 1.72701 0.473 
680E-9 1.72161 0.474 
681E-9 1.71629 0.476 
682E-9 1.71106 0.477 
683E-9 1.7059 0.479 
684E-9 1.70086 0.482 
685E-9 1.6959 0.485 
686E-9 1.69105 0.488 
687E-9 1.6863 0.491 
688E-9 1.68165 0.493 
689E-9 1.67711 0.497 
690E-9 1.67267 0.501 
691E-9 1.66833 0.504 
692E-9 1.66409 0.508 
693E-9 1.65995 0.513 
694E-9 1.65591 0.516 
695E-9 1.65196 0.52 
696E-9 1.64811 0.525 
697E-9 1.64434 0.53 
698E-9 1.64067 0.534 
699E-9 1.63708 0.539 
700E-9 1.63358 0.544 
701E-9 1.63016 0.548 
702E-9 1.62682 0.553 
703E-9 1.62356 0.558 
704E-9 1.62038 0.562 
705E-9 1.61728 0.567 
706E-9 1.61425 0.572 
707E-9 1.6113 0.577 
708E-9 1.60843 0.582 
709E-9 1.60563 0.586 
710E-9 1.6029 0.591 
711E-9 1.60025 0.596 
712E-9 1.59768 0.6 
713E-9 1.59518 0.605 
714E-9 1.59276 0.609 
715E-9 1.59042 0.613 
716E-9 1.58816 0.618 
717E-9 1.58597 0.622 
718E-9 1.58388 0.627 
719E-9 1.58186 0.631 
720E-9 1.57993 0.636 
721E-9 1.5781 0.639 
722E-9 1.57636 0.643 
723E-9 1.5747 0.647 
724E-9 1.57316 0.651 
725E-9 1.5717 0.655 
726E-9 1.57035 0.658 
727E-9 1.56911 0.662 
728E-9 1.56798 0.665 
729E-9 1.56696 0.669 
730E-9 1.56606 0.671 
731E-9 1.56527 0.674 
732E-9 1.56462 0.678 
733E-9 1.56409 0.681 
734E-9 1.56369 0.683 
735E-9 1.56344 0.686 
736E-9 1.56331 0.689 
737E-9 1.56333 0.692 
738E-9 1.56351 0.694 
739E-9 1.56383 0.697 
740E-9 1.56431 0.7 
741E-9 1.56496 0.703 
742E-9 1.56576 0.705 
743E-9 1.56673 0.707 
744E-9 1.56789 0.71 
745E-9 1.5692 0.712 
746E-9 1.57072 0.714 
747E-9 1.57242 0.717 
748E-9 1.57429 0.72 
749E-9 1.57638 0.722 
750E-9 1.57865 0.724 
751E-9 1.58113 0.727 
752E-9 1.58382 0.73 
753E-9 1.58671 0.733 
754E-9 1.58982 0.735 
755E-9 1.59315 0.738 
756E-9 1.5967 0.741 
757E-9 1.60047 0.743 
758E-9 1.60448 0.746 
759E-9 1.6087 0.749 
760E-9 1.61317 0.752 
761E-9 1.61788 0.755 
762E-9 1.62281 0.758 
763E-9 1.62802 0.762 
764E-9 1.63345 0.764 
765E-9 1.63913 0.768 
766E-9 1.64507 0.772 
767E-9 1.65125 0.774 
768E-9 1.6577 0.778 
769E-9 1.6644 0.782 
770E-9 1.67135 0.785 
771E-9 1.67858 0.789 
772E-9 1.68607 0.793 
773E-9 1.6938 0.797 
774E-9 1.70183 0.801 
775E-9 1.7101 0.805 
776E-9 1.71863 0.809 
777E-9 1.72745 0.812 
778E-9 1.73652 0.817 
779E-9 1.74586 0.821 
780E-9 1.75547 0.824 
781E-9 1.76533 0.828 
782E-9 1.77546 0.833 
783E-9 1.78586 0.836 
784E-9 1.7965 0.84 
785E-9 1.80743 0.844 
786E-9 1.81859 0.847 
787E-9 1.83001 0.851 
788E-9 1.84169 0.855 
789E-9 1.8536 0.858 
790E-9 1.86575 0.862 
791E-9 1.87816 0.865 
792E-9 1.89078 0.868 
793E-9 1.90364 0.871 
794E-9 1.91671 0.874 
795E-9 1.92999 0.876 
796E-9 1.9435 0.879 
797E-9 1.95719 0.881 
798E-9 1.97107 0.883 
799E-9 1.98515 0.885 
800E-9 1.99939 0.886 
801E-9 2.01379 0.888 
802E-9 2.02835 0.889 
803E-9 2.04304 0.89 
804E-9 2.05787 0.891 
805E-9 2.07281 0.891 
806E-9 2.08784 0.891 
807E-9 2.10298 0.891 
808E-9 2.11818 0.891 
809E-9 2.13344 0.889 
810E-9 2.14875 0.889 
811E-9 2.16408 0.888 
812E-9 2.17941 0.885 
813E-9 2.19474 0.884 
814E-9 2.21005 0.881 
815E-9 2.22531 0.879 
816E-9 2.2405 0.876 
817E-9 2.25562 0.872 
818E-9 2.27062 0.868 
819E-9 2.28552 0.863 
820E-9 2.30027 0.858 
821E-9 2.31485 0.852 
822E-9 2.32927 0.847 
823E-9 2.34347 0.841 
824E-9 2.35746 0.834 
825E-9 2.37122 0.827 
826E-9 2.3847 0.821 
827E-9 2.39793 0.812 
828E-9 2.41086 0.804 
829E-9 2.42347 0.795 
830E-9 2.43578 0.786 
831E-9 2.44773 0.777 
832E-9 2.45932 0.767 
833E-9 2.47057 0.757 
834E-9 2.4814 0.746 
835E-9 2.49186 0.735 
836E-9 2.50192 0.723 
837E-9 2.51154 0.712 
838E-9 2.52077 0.7 
839E-9 2.52956 0.687 
840E-9 2.53791 0.675 
841E-9 2.54585 0.661 
842E-9 2.55331 0.648 
843E-9 2.56034 0.634 
844E-9 2.56695 0.621 
845E-9 2.57307 0.607 
846E-9 2.57878 0.593 
847E-9 2.58404 0.579 
848E-9 2.58886 0.564 
849E-9 2.59327 0.549 
850E-9 2.59722 0.534 
851E-9 2.60076 0.51777 
852E-9 2.60391 0.50541 
853E-9 2.60662 0.49312 
854E-9 2.60895 0.48089 
855E-9 2.6109 0.46875 
856E-9 2.61245 0.45672 
857E-9 2.61367 0.44478 
858E-9 2.6145 0.43297 
859E-9 2.61499 0.42129 
860E-9 2.61517 0.40974 
861E-9 2.61499 0.39835 
862E-9 2.61452 0.38711 
863E-9 2.61376 0.37604 
864E-9 2.6127 0.36514 
865E-9 2.61138 0.3544 
866E-9 2.60978 0.34386 
867E-9 2.60794 0.33349 
868E-9 2.60587 0.32331 
869E-9 2.60356 0.31334 
870E-9 2.60104 0.30355 
871E-9 2.59832 0.29396 
872E-9 2.5954 0.28458 
873E-9 2.59232 0.27539 
874E-9 2.58905 0.26641 
875E-9 2.58563 0.25763 
876E-9 2.58207 0.24904 
877E-9 2.57835 0.24067 
878E-9 2.57452 0.23249 
879E-9 2.57056 0.22451 
880E-9 2.56649 0.21674 
881E-9 2.56232 0.20915 
882E-9 2.55805 0.20178 
883E-9 2.5537 0.19459 
884E-9 2.54928 0.18758 
885E-9 2.54478 0.18078 
886E-9 2.54022 0.17415 
887E-9 2.5356 0.16772 
888E-9 2.53093 0.16147 
889E-9 2.52622 0.15538 
890E-9 2.52147 0.14948 
891E-9 2.51669 0.14375 
892E-9 2.51189 0.13819 
893E-9 2.50706 0.1328 
894E-9 2.50221 0.12756 
895E-9 2.49735 0.12249 
896E-9 2.49249 0.11757 
897E-9 2.48762 0.1128 
898E-9 2.48275 0.1082 
899E-9 2.47788 0.10372 
900E-9 2.47302 0.0994 
901E-9 2.46817 0.09522 
902E-9 2.46334 0.09116 
903E-9 2.45852 0.08725 
904E-9 2.45372 0.08346 
905E-9 2.44894 0.0798 
906E-9 2.44419 0.07627 
907E-9 2.43946 0.07285 
908E-9 2.43477 0.06955 
909E-9 2.4301 0.06637 
910E-9 2.42546 0.06329 
911E-9 2.42086 0.06034 
912E-9 2.41629 0.05748 
913E-9 2.41176 0.05472 
914E-9 2.40726 0.05207 
915E-9 2.40281 0.0495 
916E-9 2.39839 0.04704 
917E-9 2.39402 0.04467 
918E-9 2.38969 0.04238 
919E-9 2.3854 0.04019 
920E-9 2.38115 0.03808 
921E-9 2.37695 0.03605 
922E-9 2.3728 0.0341 
923E-9 2.36868 0.03222 
924E-9 2.36462 0.03043 
925E-9 2.3606 0.0287 
926E-9 2.35663 0.02705 
927E-9 2.3527 0.02547 
928E-9 2.34882 0.02394 
929E-9 2.34499 0.02249 
930E-9 2.34121 0.0211 
931E-9 2.33747 0.01977 
932E-9 2.33378 0.0185 
933E-9 2.33013 0.01728 
934E-9 2.32654 0.01613 
935E-9 2.32299 0.01502 
936E-9 2.31949 0.01397 
937E-9 2.31604 0.01297 
938E-9 2.31263 0.01201 
939E-9 2.30927 0.01111 
940E-9 2.30596 0.01025 
941E-9 2.30269 0.00943 
942E-9 2.29948 0.00866 
943E-9 2.2963 0.00793 
944E-9 2.29317 0.00724 
945E-9 2.29009 0.00659 
946E-9 2.28705 0.00598 
947E-9 2.28406 0.0054 
948E-9 2.28112 0.00487 
949E-9 2.27821 0.00436 
950E-9 2.27535 0.00389 
951E-9 2.27254 0.00345 
952E-9 2.26976 0.00304 
953E-9 2.26704 0.00266 
954E-9 2.26435 0.00231 
955E-9 2.2617 0.00199 
956E-9 2.2591 0.0017 
957E-9 2.25654 0.00143 
958E-9 2.25402 0.00119 
959E-9 2.25154 9.73594E-4 
960E-9 2.2491 7.82192E-4 
961E-9 2.2467 6.11884E-4 
962E-9 2.24434 4.65079E-4 
963E-9 2.24202 3.39875E-4 
964E-9 2.23974 2.33857E-4 
965E-9 2.2375 1.50416E-4 
966E-9 2.23529 8.55198E-5 
967E-9 2.23312 3.88953E-5 
968E-9 2.23099 1.09836E-5 
969E-9 2.2289 0 
970E-9 2.22684 6.9138E-6 
971E-9 2.22482 2.89845E-5 
972E-9 2.22284 0 
973E-9 2.22089 0 
974E-9 2.21897 0 
975E-9 2.21709 0 
976E-9 2.21525 0 
977E-9 2.21344 0 
978E-9 2.21166 0 
979E-9 2.20992 0 
980E-9 2.20821 0 
981E-9 2.20653 0 
982E-9 2.20488 0 
983E-9 2.20327 0 
984E-9 2.20169 0 
985E-9 2.20014 0 
986E-9 2.19862 0 
987E-9 2.19714 0 
988E-9 2.19568 0 
989E-9 2.19426 0 
990E-9 2.19287 0 
991E-9 2.1915 0 
992E-9 2.19017 0 
993E-9 2.18887 0 
994E-9 2.1876 0 
995E-9 2.18637 0 
996E-9 2.18516 0 
997E-9 2.18398 0 
998E-9 2.18284 0 
999E-9 2.18173 0 
1000E-9 2.18066 0 
