lambda n k
300E-9 1.58878 0.87048 
301E-9 1.58909 0.87575 
302E-9 1.58575 0.88511 
303E-9 1.58309 0.89428 
304E-9 1.58111 0.90261 
305E-9 1.58134 0.90806 
306E-9 1.58224 0.91345 
307E-9 1.58403 0.91986 
308E-9 1.58727 0.92515 
309E-9 1.58785 0.93202 
310E-9 1.58674 0.94222 
311E-9 1.59048 0.94659 
312E-9 1.59818 0.948 
313E-9 1.60556 0.94895 
314E-9 1.60792 0.95726 
315E-9 1.60695 0.96838 
316E-9 1.60625 0.97991 
317E-9 1.61477 0.9831 
318E-9 1.62501 0.98438 
319E-9 1.63105 0.98951 
320E-9 1.62862 1.00388 
321E-9 1.62763 1.01916 
322E-9 1.63097 1.03039 
323E-9 1.63881 1.03473 
324E-9 1.64602 1.03986 
325E-9 1.65061 1.05068 
326E-9 1.65441 1.06151 
327E-9 1.66113 1.06903 
328E-9 1.66751 1.07663 
329E-9 1.67439 1.08545 
330E-9 1.68216 1.09305 
331E-9 1.68749 1.10112 
332E-9 1.70075 1.10217 
333E-9 1.71728 1.09954 
334E-9 1.72329 1.10782 
335E-9 1.72577 1.11998 
336E-9 1.73282 1.12854 
337E-9 1.74596 1.12942 
338E-9 1.76379 1.12469 
339E-9 1.78179 1.1188 
340E-9 1.7928 1.12276 
341E-9 1.79343 1.13696 
342E-9 1.79617 1.14927 
343E-9 1.80584 1.15385 
344E-9 1.81939 1.15268 
345E-9 1.84336 1.14125 
346E-9 1.85818 1.13897 
347E-9 1.86298 1.14699 
348E-9 1.8585 1.16942 
349E-9 1.86812 1.17323 
350E-9 1.88153 1.17266 
351E-9 1.89287 1.17242 
352E-9 1.91225 1.16472 
353E-9 1.92306 1.16584 
354E-9 1.92771 1.17546 
355E-9 1.93282 1.18264 
356E-9 1.94472 1.18184 
357E-9 1.95172 1.18487 
358E-9 1.96046 1.18816 
359E-9 1.97283 1.18581 
360E-9 1.98683 1.1806 
361E-9 1.99602 1.18519 
362E-9 2.00498 1.18663 
363E-9 2.01995 1.17862 
364E-9 2.0346 1.17421 
365E-9 2.04314 1.17332 
366E-9 2.04785 1.1789 
367E-9 2.05821 1.17712 
368E-9 2.06779 1.17655 
369E-9 2.07841 1.17076 
370E-9 2.09209 1.16587 
371E-9 2.11255 1.14803 
372E-9 2.12715 1.14092 
373E-9 2.1291 1.14491 
374E-9 2.13242 1.14896 
375E-9 2.13679 1.15265 
376E-9 2.14724 1.14831 
377E-9 2.16393 1.13608 
378E-9 2.17804 1.11902 
379E-9 2.19816 1.09986 
380E-9 2.20869 1.08884 
381E-9 2.21062 1.09334 
382E-9 2.21216 1.09973 
383E-9 2.21425 1.10144 
384E-9 2.2209 1.0967 
385E-9 2.23234 1.08621 
386E-9 2.24379 1.07868 
387E-9 2.25961 1.05456 
388E-9 2.27024 1.04229 
389E-9 2.27543 1.03803 
390E-9 2.27742 1.04108 
391E-9 2.27639 1.04506 
392E-9 2.27673 1.04795 
393E-9 2.28507 1.03721 
394E-9 2.2914 1.02499 
395E-9 2.30118 1.01172 
396E-9 2.30854 0.99717 
397E-9 2.31683 0.9832 
398E-9 2.32051 0.97947 
399E-9 2.31895 0.98074 
400E-9 2.31913 0.97833 
401E-9 2.3202 0.97529 
402E-9 2.32253 0.96862 
403E-9 2.32763 0.95779 
404E-9 2.32937 0.94934 
405E-9 2.33198 0.94146 
406E-9 2.33635 0.93176 
407E-9 2.33761 0.92574 
408E-9 2.33838 0.92091 
409E-9 2.33713 0.91872 
410E-9 2.33685 0.9144 
411E-9 2.33832 0.90783 
412E-9 2.33953 0.90299 
413E-9 2.3401 0.89767 
414E-9 2.34046 0.8927 
415E-9 2.34026 0.88686 
416E-9 2.34044 0.88081 
417E-9 2.34021 0.87674 
418E-9 2.3402 0.87343 
419E-9 2.34009 0.87023 
420E-9 2.33914 0.86684 
421E-9 2.33799 0.86315 
422E-9 2.33771 0.85998 
423E-9 2.33745 0.85725 
424E-9 2.33724 0.85393 
425E-9 2.33696 0.85115 
426E-9 2.33653 0.84833 
427E-9 2.33637 0.84566 
428E-9 2.33641 0.84278 
429E-9 2.33645 0.84068 
430E-9 2.33646 0.83903 
431E-9 2.33685 0.83767 
432E-9 2.33664 0.83578 
433E-9 2.337 0.83416 
434E-9 2.33735 0.83261 
435E-9 2.33706 0.83108 
436E-9 2.33683 0.82979 
437E-9 2.33682 0.82848 
438E-9 2.33686 0.82726 
439E-9 2.33664 0.82589 
440E-9 2.3367 0.82524 
441E-9 2.337 0.82513 
442E-9 2.33746 0.82512 
443E-9 2.33797 0.8246 
444E-9 2.33909 0.82447 
445E-9 2.34024 0.82442 
446E-9 2.34122 0.82487 
447E-9 2.34268 0.82513 
448E-9 2.34437 0.82524 
449E-9 2.34611 0.82513 
450E-9 2.34815 0.82495 
451E-9 2.35056 0.82513 
452E-9 2.35314 0.82526 
453E-9 2.35562 0.82514 
454E-9 2.35829 0.82497 
455E-9 2.36107 0.82485 
456E-9 2.36421 0.82488 
457E-9 2.36736 0.8251 
458E-9 2.37051 0.82515 
459E-9 2.3736 0.82512 
460E-9 2.37715 0.82466 
461E-9 2.38069 0.82446 
462E-9 2.38395 0.82493 
463E-9 2.38764 0.82485 
464E-9 2.39125 0.82431 
465E-9 2.39519 0.82345 
466E-9 2.39935 0.82248 
467E-9 2.40383 0.82177 
468E-9 2.40824 0.82074 
469E-9 2.41254 0.81953 
470E-9 2.41685 0.81813 
471E-9 2.42095 0.81654 
472E-9 2.42514 0.81526 
473E-9 2.42919 0.81372 
474E-9 2.43339 0.81166 
475E-9 2.43782 0.80912 
476E-9 2.44273 0.8066 
477E-9 2.44763 0.8042 
478E-9 2.4525 0.80182 
479E-9 2.45733 0.79933 
480E-9 2.46195 0.79675 
481E-9 2.46653 0.79352 
482E-9 2.47082 0.79053 
483E-9 2.47523 0.7882 
484E-9 2.47954 0.78496 
485E-9 2.4835 0.78184 
486E-9 2.48773 0.77842 
487E-9 2.49234 0.77501 
488E-9 2.49688 0.77145 
489E-9 2.50146 0.76785 
490E-9 2.50585 0.76437 
491E-9 2.51019 0.7606 
492E-9 2.51484 0.75624 
493E-9 2.51942 0.75235 
494E-9 2.52392 0.74863 
495E-9 2.52853 0.74442 
496E-9 2.53306 0.73985 
497E-9 2.53772 0.73506 
498E-9 2.54235 0.73004 
499E-9 2.54664 0.72499 
500E-9 2.551 0.72003 
501E-9 2.55474 0.71457 
502E-9 2.55818 0.70882 
503E-9 2.5615 0.70256 
504E-9 2.56449 0.69646 
505E-9 2.56723 0.69014 
506E-9 2.56987 0.68393 
507E-9 2.5726 0.67714 
508E-9 2.57481 0.67047 
509E-9 2.5766 0.66402 
510E-9 2.57822 0.65772 
511E-9 2.57972 0.65194 
512E-9 2.58078 0.64548 
513E-9 2.58154 0.63934 
514E-9 2.58208 0.63362 
515E-9 2.58269 0.62796 
516E-9 2.58309 0.62237 
517E-9 2.58362 0.6168 
518E-9 2.58432 0.61086 
519E-9 2.58468 0.60549 
520E-9 2.58483 0.60035 
521E-9 2.58524 0.59506 
522E-9 2.58537 0.59008 
523E-9 2.58543 0.58478 
524E-9 2.58545 0.57987 
525E-9 2.58536 0.57511 
526E-9 2.58526 0.56994 
527E-9 2.58502 0.5649 
528E-9 2.58497 0.55989 
529E-9 2.58485 0.5549 
530E-9 2.58455 0.55009 
531E-9 2.58401 0.5452 
532E-9 2.58341 0.54041 
533E-9 2.58247 0.53617 
534E-9 2.58148 0.53194 
535E-9 2.58061 0.52797 
536E-9 2.57946 0.52347 
537E-9 2.57846 0.51896 
538E-9 2.57757 0.51472 
539E-9 2.57656 0.51049 
540E-9 2.57528 0.50624 
541E-9 2.57396 0.50195 
542E-9 2.57234 0.49794 
543E-9 2.57058 0.49432 
544E-9 2.56898 0.4909 
545E-9 2.56725 0.48743 
546E-9 2.56561 0.48413 
547E-9 2.56368 0.4808 
548E-9 2.56208 0.47789 
549E-9 2.56047 0.47476 
550E-9 2.55853 0.47171 
551E-9 2.55659 0.46892 
552E-9 2.55483 0.4659 
553E-9 2.55283 0.46311 
554E-9 2.55099 0.46061 
555E-9 2.54915 0.45843 
556E-9 2.54743 0.45631 
557E-9 2.54552 0.45427 
558E-9 2.54348 0.45238 
559E-9 2.54163 0.4511 
560E-9 2.53987 0.44941 
561E-9 2.53807 0.4482 
562E-9 2.53648 0.44689 
563E-9 2.53518 0.4456 
564E-9 2.53396 0.44443 
565E-9 2.53292 0.44311 
566E-9 2.53193 0.44158 
567E-9 2.53103 0.44034 
568E-9 2.53012 0.439 
569E-9 2.52937 0.43802 
570E-9 2.52868 0.43716 
571E-9 2.52822 0.43638 
572E-9 2.52766 0.43499 
573E-9 2.52742 0.43395 
574E-9 2.52747 0.4331 
575E-9 2.52751 0.43222 
576E-9 2.52757 0.43057 
577E-9 2.52758 0.42905 
578E-9 2.5276 0.42794 
579E-9 2.52787 0.42657 
580E-9 2.52803 0.42513 
581E-9 2.5282 0.42363 
582E-9 2.52855 0.42213 
583E-9 2.52888 0.42077 
584E-9 2.52923 0.41903 
585E-9 2.52987 0.41758 
586E-9 2.53046 0.41586 
587E-9 2.53131 0.4139 
588E-9 2.53202 0.41191 
589E-9 2.53276 0.4098 
590E-9 2.53355 0.40739 
591E-9 2.53438 0.40534 
592E-9 2.5352 0.4035 
593E-9 2.53581 0.40131 
594E-9 2.53636 0.39928 
595E-9 2.53681 0.39679 
596E-9 2.53743 0.39409 
597E-9 2.53797 0.39151 
598E-9 2.53837 0.38866 
599E-9 2.53871 0.38623 
600E-9 2.53902 0.38338 
601E-9 2.53946 0.38078 
602E-9 2.53991 0.37829 
603E-9 2.54017 0.37512 
604E-9 2.54032 0.37235 
605E-9 2.54042 0.36976 
606E-9 2.54056 0.36731 
607E-9 2.5406 0.36425 
608E-9 2.54057 0.36086 
609E-9 2.54047 0.35847 
610E-9 2.54016 0.35559 
611E-9 2.53976 0.35302 
612E-9 2.53941 0.35018 
613E-9 2.53894 0.3474 
614E-9 2.53853 0.3449 
615E-9 2.53805 0.34247 
616E-9 2.53759 0.33987 
617E-9 2.53723 0.33742 
618E-9 2.53699 0.33523 
619E-9 2.53658 0.33267 
620E-9 2.53607 0.33059 
621E-9 2.53543 0.32829 
622E-9 2.53465 0.32554 
623E-9 2.5339 0.32318 
624E-9 2.53298 0.32079 
625E-9 2.53215 0.31861 
626E-9 2.53113 0.31634 
627E-9 2.53014 0.31425 
628E-9 2.52926 0.31253 
629E-9 2.5284 0.31027 
630E-9 2.5273 0.30794 
631E-9 2.52637 0.30625 
632E-9 2.5253 0.3036 
633E-9 2.52431 0.3023 
634E-9 2.5234 0.30095 
635E-9 2.52234 0.29914 
636E-9 2.5212 0.29754 
637E-9 2.52006 0.29603 
638E-9 2.51887 0.2942 
639E-9 2.51783 0.29321 
640E-9 2.51683 0.29175 
641E-9 2.51591 0.29078 
642E-9 2.51486 0.28886 
643E-9 2.51392 0.28749 
644E-9 2.51295 0.28595 
645E-9 2.51185 0.28429 
646E-9 2.51081 0.28327 
647E-9 2.50987 0.28244 
648E-9 2.50883 0.28193 
649E-9 2.50755 0.28053 
650E-9 2.50644 0.27923 
651E-9 2.50541 0.27862 
652E-9 2.50394 0.27709 
653E-9 2.50237 0.27592 
654E-9 2.5008 0.2752 
655E-9 2.49937 0.27465 
656E-9 2.49803 0.27431 
657E-9 2.49716 0.27385 
658E-9 2.49621 0.27303 
659E-9 2.49503 0.27107 
660E-9 2.49428 0.2697 
661E-9 2.49368 0.26934 
662E-9 2.49268 0.26847 
663E-9 2.49128 0.26745 
664E-9 2.48946 0.26714 
665E-9 2.48798 0.26634 
666E-9 2.48677 0.2658 
667E-9 2.48536 0.26481 
668E-9 2.48441 0.26469 
669E-9 2.48296 0.26556 
670E-9 2.48155 0.26514 
671E-9 2.48044 0.26408 
672E-9 2.47946 0.26285 
673E-9 2.47832 0.26241 
674E-9 2.47666 0.26167 
675E-9 2.47487 0.26096 
676E-9 2.47387 0.26053 
677E-9 2.47251 0.26 
678E-9 2.47025 0.25992 
679E-9 2.46865 0.25935 
680E-9 2.46606 0.25868 
681E-9 2.46355 0.25823 
682E-9 2.46244 0.25786 
683E-9 2.4623 0.25751 
684E-9 2.46265 0.25683 
685E-9 2.46272 0.25538 
686E-9 2.46368 0.25415 
687E-9 2.46438 0.25339 
688E-9 2.464 0.25286 
689E-9 2.46259 0.25286 
690E-9 2.46245 0.25238 
691E-9 2.46284 0.2522 
692E-9 2.46392 0.25079 
693E-9 2.46496 0.24954 
694E-9 2.46554 0.24966 
695E-9 2.46571 0.24954 
696E-9 2.46554 0.24876 
697E-9 2.46496 0.24742 
698E-9 2.46448 0.24758 
699E-9 2.46383 0.24766 
700E-9 2.46293 0.24666 
701E-9 2.46215 0.24619 
702E-9 2.46138 0.24582 
703E-9 2.46068 0.24572 
704E-9 2.46008 0.24534 
705E-9 2.45912 0.24431 
706E-9 2.45836 0.24365 
707E-9 2.45795 0.24355 
708E-9 2.45769 0.24402 
709E-9 2.45678 0.24293 
710E-9 2.45598 0.24262 
711E-9 2.45523 0.24266 
712E-9 2.45461 0.24157 
713E-9 2.4542 0.24133 
714E-9 2.45383 0.24104 
715E-9 2.45334 0.23981 
716E-9 2.45263 0.23945 
717E-9 2.4525 0.23932 
718E-9 2.45265 0.23901 
719E-9 2.45275 0.23928 
720E-9 2.45334 0.23839 
721E-9 2.45426 0.23701 
722E-9 2.45535 0.23671 
723E-9 2.45678 0.23672 
724E-9 2.45826 0.23631 
725E-9 2.45981 0.23483 
726E-9 2.46137 0.23269 
727E-9 2.46287 0.23187 
728E-9 2.46451 0.23145 
729E-9 2.46623 0.23088 
730E-9 2.46818 0.22916 
731E-9 2.471 0.22721 
732E-9 2.47409 0.22477 
733E-9 2.47744 0.22228 
734E-9 2.48106 0.22056 
735E-9 2.48514 0.21763 
736E-9 2.4896 0.21329 
737E-9 2.49402 0.20889 
738E-9 2.49841 0.20421 
739E-9 2.50264 0.20006 
740E-9 2.50696 0.19515 
741E-9 2.51118 0.18993 
742E-9 2.51532 0.18491 
743E-9 2.51899 0.17834 
744E-9 2.52207 0.17173 
745E-9 2.52464 0.16487 
746E-9 2.52654 0.15756 
747E-9 2.52774 0.14966 
748E-9 2.52814 0.14149 
749E-9 2.52775 0.13302 
750E-9 2.52647 0.12546 
751E-9 2.52452 0.11794 
752E-9 2.52198 0.11041 
753E-9 2.51863 0.10292 
754E-9 2.51458 0.09551 
755E-9 2.51001 0.08823 
756E-9 2.5052 0.08114 
757E-9 2.50009 0.07427 
758E-9 2.4946 0.06767 
759E-9 2.48874 0.06137 
760E-9 2.48271 0.05544 
761E-9 2.4765 0.04987 
762E-9 2.47023 0.04465 
763E-9 2.46387 0.03986 
764E-9 2.45713 0.03547 
765E-9 2.45011 0.03144 
766E-9 2.44315 0.02778 
767E-9 2.43643 0.02451 
768E-9 2.42993 0.02157 
769E-9 2.42354 0.01893 
770E-9 2.41709 0.01659 
771E-9 2.41086 0.01452 
772E-9 2.40475 0.01269 
773E-9 2.39887 0.01106 
774E-9 2.39297 0.00966 
775E-9 2.38702 0.00842 
776E-9 2.38124 0.00732 
777E-9 2.37555 0.00637 
778E-9 2.36996 0.00555 
779E-9 2.3645 0.00482 
780E-9 2.35924 0.00419 
781E-9 2.35418 0.00364 
782E-9 2.3491 0.00317 
783E-9 2.34439 0.00275 
784E-9 2.33963 0.00239 
785E-9 2.3348 0.00208 
786E-9 2.3301 0.00181 
787E-9 2.32557 0.00157 
788E-9 2.32089 0.00137 
789E-9 2.31687 0.00119 
790E-9 2.3127 0.00104 
791E-9 2.30877 9.00504E-4 
792E-9 2.30443 7.84796E-4 
793E-9 2.30001 6.83508E-4 
794E-9 2.29605 5.9488E-4 
795E-9 2.29238 5.18266E-4 
796E-9 2.28828 4.5197E-4 
797E-9 2.28449 3.93905E-4 
798E-9 2.28059 3.43078E-4 
799E-9 2.27658 2.99596E-4 
800E-9 2.27236 2.61472E-4 
801E-9 2.26852 2.28058E-4 
802E-9 2.26536 1.99107E-4 
803E-9 2.2615 1.74014E-4 
804E-9 2.25785 1.51996E-4 
805E-9 2.25506 1.3268E-4 
806E-9 2.25086 1.16118E-4 
807E-9 2.24703 1.0157E-4 
808E-9 2.24291 8.87934E-5 
809E-9 2.23861 7.76947E-5 
810E-9 2.23469 6.80566E-5 
811E-9 2.23073 5.95813E-5 
812E-9 2.22653 5.21306E-5 
813E-9 2.22293 4.57241E-5 
814E-9 2.21863 4.00866E-5 
815E-9 2.21402 3.51246E-5 
816E-9 2.20973 3.08031E-5 
817E-9 2.20522 2.70427E-5 
818E-9 2.20087 2.3729E-5 
819E-9 2.19638 2.08096E-5 
820E-9 2.19193 1.82921E-5 
821E-9 2.18736 1.60728E-5 
822E-9 2.18305 1.41153E-5 
823E-9 2.17874 1.2406E-5 
824E-9 2.17424 1.09156E-5 
825E-9 2.16991 9.60109E-6 
826E-9 2.16576 8.44202E-6 
827E-9 2.1617 7.43453E-6 
828E-9 2.15729 6.54819E-6 
829E-9 2.15302 5.76336E-6 
830E-9 2.14847 5.07782E-6 
831E-9 2.14412 4.47282E-6 
832E-9 2.13988 3.94113E-6 
833E-9 2.13553 3.47618E-6 
834E-9 2.13107 3.06244E-6 
835E-9 2.12649 2.70539E-6 
836E-9 2.12201 2.38609E-6 
837E-9 2.11778 2.11138E-6 
838E-9 2.11332 1.86142E-6 
839E-9 2.10871 1.6432E-6 
840E-9 2.10418 1.44695E-6 
841E-9 2.1002 1.28197E-6 
842E-9 2.09584 1.13286E-6 
843E-9 2.09166 1.00324E-6 
844E-9 2.08762 8.87825E-7 
845E-9 2.08374 7.85688E-7 
846E-9 2.0801 6.95462E-7 
847E-9 2.0765 6.15654E-7 
848E-9 2.07308 5.45447E-7 
849E-9 2.06988 4.83432E-7 
850E-9 2.06692 4.27766E-7 
