lambda n k
300E-9 1.1 0.06995 
301E-9 1.10014 0.06946 
302E-9 1.10028 0.06873 
303E-9 1.10043 0.06775 
304E-9 1.10057 0.06749 
305E-9 1.10071 0.06699 
306E-9 1.10085 0.06599 
307E-9 1.10099 0.06572 
308E-9 1.10114 0.06569 
309E-9 1.10128 0.06516 
310E-9 1.10142 0.06488 
311E-9 1.10156 0.06484 
312E-9 1.10171 0.06455 
313E-9 1.10185 0.06401 
314E-9 1.10199 0.06397 
315E-9 1.10213 0.06367 
316E-9 1.10227 0.06312 
317E-9 1.10242 0.06307 
318E-9 1.10256 0.06326 
319E-9 1.1027 0.06346 
320E-9 1.10284 0.06341 
321E-9 1.10298 0.06361 
322E-9 1.10313 0.0638 
323E-9 1.10327 0.064 
324E-9 1.10341 0.0642 
325E-9 1.10355 0.06414 
326E-9 1.1037 0.06434 
327E-9 1.10384 0.06453 
328E-9 1.10398 0.06499 
329E-9 1.10412 0.06624 
330E-9 1.10426 0.06644 
331E-9 1.10441 0.06664 
332E-9 1.10455 0.06737 
333E-9 1.10469 0.0681 
334E-9 1.10483 0.06857 
335E-9 1.10497 0.06905 
336E-9 1.10512 0.06979 
337E-9 1.10526 0.06946 
338E-9 1.1054 0.06617 
339E-9 1.10554 0.06501 
340E-9 1.10569 0.06439 
341E-9 1.10583 0.06268 
342E-9 1.10597 0.06123 
343E-9 1.10611 0.0606 
344E-9 1.10625 0.06077 
345E-9 1.1064 0.0615 
346E-9 1.10654 0.06085 
347E-9 1.10668 0.06158 
348E-9 1.10682 0.06314 
349E-9 1.10696 0.06415 
350E-9 1.10711 0.06573 
351E-9 1.10725 0.06759 
352E-9 1.10739 0.06919 
353E-9 1.10753 0.06995 
354E-9 1.10768 0.07155 
355E-9 1.10782 0.0726 
356E-9 1.10796 0.07337 
357E-9 1.1081 0.07415 
358E-9 1.10824 0.07521 
359E-9 1.10839 0.07599 
360E-9 1.10853 0.07706 
361E-9 1.10867 0.07871 
362E-9 1.10881 0.07951 
363E-9 1.10895 0.08117 
364E-9 1.1091 0.08284 
365E-9 1.10924 0.08394 
366E-9 1.10938 0.08475 
367E-9 1.10952 0.08615 
368E-9 1.10967 0.08756 
369E-9 1.10981 0.08839 
370E-9 1.10995 0.08951 
371E-9 1.11009 0.09123 
372E-9 1.11023 0.09206 
373E-9 1.11038 0.0938 
374E-9 1.11052 0.09494 
375E-9 1.11066 0.09609 
376E-9 1.1108 0.09784 
377E-9 1.11094 0.0996 
378E-9 1.11109 0.10137 
379E-9 1.11123 0.10315 
380E-9 1.11137 0.10584 
381E-9 1.11151 0.10763 
382E-9 1.11166 0.10883 
383E-9 1.1118 0.11033 
384E-9 1.11194 0.11245 
385E-9 1.11208 0.11489 
386E-9 1.11222 0.11734 
387E-9 1.11237 0.11826 
388E-9 1.11251 0.11826 
389E-9 1.11265 0.12011 
390E-9 1.11279 0.12197 
391E-9 1.11293 0.12384 
392E-9 1.11308 0.12571 
393E-9 1.11322 0.12791 
394E-9 1.11336 0.13043 
395E-9 1.1135 0.13328 
396E-9 1.11365 0.13677 
397E-9 1.11379 0.13932 
398E-9 1.11393 0.14157 
399E-9 1.11407 0.14352 
400E-9 1.11421 0.14515 
401E-9 1.11436 0.14807 
402E-9 1.1145 0.15131 
403E-9 1.11464 0.15393 
404E-9 1.11478 0.15592 
405E-9 1.11492 0.15857 
406E-9 1.11507 0.16057 
407E-9 1.11521 0.16259 
408E-9 1.11535 0.16558 
409E-9 1.11549 0.16859 
410E-9 1.11563 0.17064 
411E-9 1.11578 0.17269 
412E-9 1.11592 0.17475 
413E-9 1.11606 0.17682 
414E-9 1.1144 0.17955 
415E-9 1.11617 0.1823 
416E-9 1.1201 0.18472 
417E-9 1.12245 0.18682 
418E-9 1.12559 0.18927 
419E-9 1.12692 0.19206 
420E-9 1.13125 0.19418 
421E-9 1.13242 0.199 
422E-9 1.135 0.20283 
423E-9 1.135 0.20904 
424E-9 1.13893 0.21358 
425E-9 1.14316 0.21747 
426E-9 1.14736 0.22171 
427E-9 1.14841 0.2263 
428E-9 1.15257 0.23024 
429E-9 1.15383 0.23419 
430E-9 1.15771 0.23816 
431E-9 1.16182 0.24214 
432E-9 1.16324 0.24614 
433E-9 1.16998 0.24912 
434E-9 1.17266 0.25177 
435E-9 1.17492 0.25512 
436E-9 1.17893 0.25918 
437E-9 1.18293 0.26325 
438E-9 1.1869 0.26734 
439E-9 1.19338 0.27144 
440E-9 1.19499 0.27626 
441E-9 1.20187 0.28321 
442E-9 1.20577 0.28877 
443E-9 1.21214 0.2933 
444E-9 1.21361 0.29856 
445E-9 1.22052 0.30383 
446E-9 1.22435 0.30878 
447E-9 1.23034 0.31409 
448E-9 1.23795 0.31907 
449E-9 1.24204 0.32443 
450E-9 1.24677 0.32802 
451E-9 1.25111 0.33162 
452E-9 1.25547 0.33739 
453E-9 1.2629 0.34354 
454E-9 1.27031 0.34972 
455E-9 1.27694 0.35592 
456E-9 1.28187 0.36469 
457E-9 1.2874 0.37167 
458E-9 1.29332 0.37831 
459E-9 1.30056 0.38572 
460E-9 1.30777 0.39278 
461E-9 1.31495 0.39657 
462E-9 1.3221 0.39228 
463E-9 1.32921 0.39313 
464E-9 1.3363 0.39915 
465E-9 1.34336 0.4063 
466E-9 1.35038 0.41756 
467E-9 1.35738 0.42737 
468E-9 1.36448 0.43424 
469E-9 1.37488 0.44152 
470E-9 1.38446 0.44807 
471E-9 1.39134 0.45577 
472E-9 1.39819 0.46312 
473E-9 1.40664 0.47088 
474E-9 1.41683 0.47791 
475E-9 1.42483 0.48572 
476E-9 1.43393 0.49432 
477E-9 1.44399 0.50295 
478E-9 1.45123 0.51199 
479E-9 1.46084 0.52069 
480E-9 1.47078 0.52827 
481E-9 1.47753 0.52592 
482E-9 1.48707 0.53085 
483E-9 1.49449 0.53849 
484E-9 1.5064 0.55462 
485E-9 1.51355 0.57468 
486E-9 1.52323 0.58283 
487E-9 1.53288 0.59061 
488E-9 1.54249 0.59882 
489E-9 1.55112 0.60588 
490E-9 1.55845 0.61297 
491E-9 1.56795 0.62008 
492E-9 1.5774 0.628 
493E-9 1.58681 0.63595 
494E-9 1.5972 0.64274 
495E-9 1.60768 0.64916 
496E-9 1.61483 0.65521 
497E-9 1.6241 0.66246 
498E-9 1.63416 0.66974 
499E-9 1.64641 0.67704 
500E-9 1.65727 0.68437 
501E-9 1.66449 0.69251 
502E-9 1.6766 0.70069 
503E-9 1.68866 0.70809 
504E-9 1.70026 0.71551 
505E-9 1.70642 0.72416 
506E-9 1.72131 0.73244 
507E-9 1.73042 0.74115 
508E-9 1.74197 0.74949 
509E-9 1.75374 0.75785 
510E-9 1.76319 0.76583 
511E-9 1.77608 0.77424 
512E-9 1.79246 0.78187 
513E-9 1.80666 0.7883 
514E-9 1.81619 0.79311 
515E-9 1.82338 0.79875 
516E-9 1.83094 0.80235 
517E-9 1.84108 0.80514 
518E-9 1.85768 0.80876 
519E-9 1.86901 0.81197 
520E-9 1.88303 0.81478 
521E-9 1.89225 0.81842 
522E-9 1.90272 0.82207 
523E-9 1.9156 0.82489 
524E-9 1.92812 0.82813 
525E-9 1.93819 0.83055 
526E-9 1.94646 0.83213 
527E-9 1.9547 0.83288 
528E-9 1.96291 0.83235 
529E-9 1.97363 0.83393 
530E-9 1.98449 0.83551 
531E-9 1.99362 0.83497 
532E-9 2.00295 0.83612 
533E-9 2.01369 0.83769 
534E-9 2.02406 0.83841 
535E-9 2.03205 0.83871 
536E-9 2.04001 0.83942 
537E-9 2.04996 0.84099 
538E-9 2.05899 0.84255 
539E-9 2.06786 0.84412 
540E-9 2.07785 0.84526 
541E-9 2.08567 0.84682 
542E-9 2.096 0.84968 
543E-9 2.10833 0.85298 
544E-9 2.11978 0.85541 
545E-9 2.13177 0.85829 
546E-9 2.14657 0.8616 
547E-9 2.15676 0.86448 
548E-9 2.16914 0.86781 
549E-9 2.18179 0.8707 
550E-9 2.1944 0.87404 
551E-9 2.20734 0.87694 
552E-9 2.22236 0.87854 
553E-9 2.23508 0.88013 
554E-9 2.2475 0.88128 
555E-9 2.26172 0.88066 
556E-9 2.27874 0.88003 
557E-9 2.29349 0.87807 
558E-9 2.30818 0.87476 
559E-9 2.3215 0.87055 
560E-9 2.33367 0.86587 
561E-9 2.34579 0.86072 
562E-9 2.36016 0.85644 
563E-9 2.37144 0.8499 
564E-9 2.38103 0.84333 
565E-9 2.39059 0.83583 
566E-9 2.40011 0.82785 
567E-9 2.40789 0.81939 
568E-9 2.41498 0.81044 
569E-9 2.42176 0.801 
570E-9 2.4241 0.79106 
571E-9 2.42644 0.782 
572E-9 2.42789 0.77154 
573E-9 2.42782 0.76103 
574E-9 2.4255 0.74957 
575E-9 2.4232 0.73898 
576E-9 2.42018 0.72789 
577E-9 2.4156 0.71675 
578E-9 2.41319 0.70742 
579E-9 2.40963 0.69804 
580E-9 2.40509 0.68863 
581E-9 2.40057 0.68103 
582E-9 2.39607 0.67294 
583E-9 2.39426 0.66529 
584E-9 2.3965 0.65853 
585E-9 2.39207 0.65267 
586E-9 2.38893 0.64679 
587E-9 2.38672 0.64182 
588E-9 2.38451 0.63683 
589E-9 2.38395 0.63323 
590E-9 2.38465 0.63008 
591E-9 2.38683 0.62832 
592E-9 2.38709 0.6275 
593E-9 2.38803 0.62715 
594E-9 2.3902 0.62726 
595E-9 2.39447 0.62832 
596E-9 2.39763 0.62937 
597E-9 2.40004 0.63043 
598E-9 2.40643 0.63148 
599E-9 2.41156 0.63159 
600E-9 2.41579 0.63121 
601E-9 2.42001 0.63035 
602E-9 2.42422 0.62852 
603E-9 2.42815 0.62573 
604E-9 2.43024 0.62436 
605E-9 2.43362 0.6201 
606E-9 2.43754 0.6163 
607E-9 2.43961 0.61056 
608E-9 2.44167 0.60237 
609E-9 2.44373 0.59318 
610E-9 2.44578 0.58396 
611E-9 2.44561 0.57277 
612E-9 2.44358 0.56007 
613E-9 2.44155 0.54732 
614E-9 2.43953 0.53209 
615E-9 2.43751 0.5173 
616E-9 2.4337 0.50147 
617E-9 2.43036 0.48461 
618E-9 2.42836 0.46769 
619E-9 2.42335 0.44874 
620E-9 2.41775 0.42628 
621E-9 2.4138 0.41412 
622E-9 2.40869 0.39548 
623E-9 2.40279 0.37728 
624E-9 2.39692 0.35852 
625E-9 2.39107 0.34069 
626E-9 2.38523 0.3228 
627E-9 2.37941 0.30486 
628E-9 2.3733 0.28685 
629E-9 2.36559 0.26729 
630E-9 2.35893 0.25067 
631E-9 2.35318 0.2355 
632E-9 2.34576 0.22028 
633E-9 2.3372 0.20602 
634E-9 2.32582 0.19172 
635E-9 2.31784 0.17838 
636E-9 2.31218 0.1655 
637E-9 2.3048 0.15157 
638E-9 2.2973 0.14013 
639E-9 2.28984 0.13119 
640E-9 2.28346 0.11968 
641E-9 2.27789 0.11018 
642E-9 2.27071 0.10167 
643E-9 2.26264 0.09466 
644E-9 2.25162 0.08763 
645E-9 2.24413 0.08007 
646E-9 2.24047 0.07351 
647E-9 2.23267 0.06693 
648E-9 2.22372 0.06136 
649E-9 2.21829 0.05629 
650E-9 2.21234 0.05165 
651E-9 2.20514 0.04706 
652E-9 2.19896 0.04215 
653E-9 2.1936 0.03837 
654E-9 2.18968 0.03567 
655E-9 2.18599 0.03296 
656E-9 2.17891 0.03144 
657E-9 2.1723 0.02903 
658E-9 2.16702 0.02629 
659E-9 2.16176 0.02421 
660E-9 2.15651 0.02184 
661E-9 2.15247 0.01863 
662E-9 2.14899 0.01833 
663E-9 2.14399 0.01556 
664E-9 2.1388 0.01533 
665E-9 2.13363 0.01524 
666E-9 2.1289 0.01516 
667E-9 2.12548 0.01507 
668E-9 2.12206 0.01499 
669E-9 2.11865 0.01455 
670E-9 2.11526 0.0131 
671E-9 2.11187 0.01165 
672E-9 2.1085 0.01155 
673E-9 2.10513 0.01145 
674E-9 2.10322 0.0094 
675E-9 2.10154 0.00816 
676E-9 2.09658 0.00684 
677E-9 2.09176 0.00484 
678E-9 2.08845 0.00474 
679E-9 2.08514 0.00463 
680E-9 2.08184 0.00453 
681E-9 2.07956 0.00443 
682E-9 2.07956 0.00433 
683E-9 2.07828 0.00422 
684E-9 2.07503 0.00412 
685E-9 2.07178 0.00352 
686E-9 2.06854 0.00202 
687E-9 2.06616 0.000633688 
688E-9 2.06455 0.000523713 
689E-9 2.06294 0.000413412 
690E-9 2.06134 0.000302792 
691E-9 2.05875 0.000109233 
692E-9 2.05557 0 
693E-9 2.0524 0 
694E-9 2.04923 0 
695E-9 2.04713 0 
696E-9 2.04555 0 
697E-9 2.04293 0 
698E-9 2.0398 0 
699E-9 2.03772 0 
700E-9 2.03616 0 
701E-9 2.03461 0 
702E-9 2.03307 0 
703E-9 2.03152 0 
704E-9 2.02999 0 
705E-9 2.02845 0 
706E-9 2.02692 0 
707E-9 2.02458 0 
708E-9 2.02154 0 
709E-9 2.01922 0 
710E-9 2.01771 0 
711E-9 2.0162 0 
712E-9 2.0147 0 
713E-9 2.01366 0 
714E-9 2.01366 0 
715E-9 2.01335 0 
716E-9 2.01186 0 
717E-9 2.01024 0 
718E-9 2.00728 0 
719E-9 2.00433 0 
720E-9 2.00282 0 
721E-9 2.00135 0 
722E-9 2.00111 0 
723E-9 2.00111 0 
724E-9 2.00012 0 
725E-9 1.99867 0 
726E-9 1.99722 0 
727E-9 1.99578 0 
728E-9 1.99434 0 
729E-9 1.99291 0 
730E-9 1.99147 0 
731E-9 1.99005 0 
732E-9 1.98862 0 
733E-9 1.98721 0 
734E-9 1.98579 0 
735E-9 1.98542 0 
736E-9 1.98542 0 
737E-9 1.984 0 
738E-9 1.9812 0 
739E-9 1.97914 0 
740E-9 1.97914 0 
741E-9 1.97913 0 
742E-9 1.97775 0 
743E-9 1.97637 0 
744E-9 1.97499 0 
745E-9 1.97362 0 
746E-9 1.97225 0 
747E-9 1.97088 0 
748E-9 1.96973 0 
749E-9 1.96973 0 
750E-9 1.96973 0 
751E-9 1.96973 0 
752E-9 1.96973 0 
753E-9 1.96904 0 
754E-9 1.9677 0 
755E-9 1.96659 0 
756E-9 1.96659 0 
757E-9 1.96659 0 
758E-9 1.96443 0 
759E-9 1.96178 0 
760E-9 1.96031 0 
761E-9 1.96031 0 
762E-9 1.96024 0 
763E-9 1.95893 0 
764E-9 1.95762 0 
765E-9 1.95718 0 
766E-9 1.95718 0 
767E-9 1.95686 0 
768E-9 1.95557 0 
769E-9 1.95428 0 
770E-9 1.953 0 
771E-9 1.95171 0 
772E-9 1.9509 0 
773E-9 1.9509 0 
774E-9 1.9509 0 
775E-9 1.95204 0 
776E-9 1.95331 0 
777E-9 1.95244 0 
778E-9 1.94866 0 
779E-9 1.94489 0 
780E-9 1.94462 0 
781E-9 1.94462 0 
782E-9 1.94515 0 
783E-9 1.94639 0 
784E-9 1.94763 0 
785E-9 1.94556 0 
786E-9 1.94309 0 
787E-9 1.94192 0 
788E-9 1.94314 0 
789E-9 1.94437 0 
790E-9 1.94366 0 
791E-9 1.94244 0 
792E-9 1.94096 0 
793E-9 1.93854 0 
794E-9 1.93612 0 
795E-9 1.93521 0 
796E-9 1.93521 0 
797E-9 1.93519 0 
798E-9 1.934 0 
799E-9 1.9328 0 
800E-9 1.93207 0 
