lambda n k
210E-9 1.498545 0.246335 
211E-9 1.496468 0.248613 
212E-9 1.49449 0.251038 
213E-9 1.492622 0.253605 
214E-9 1.490877 0.256309 
215E-9 1.489264 0.259144 
216E-9 1.487795 0.262101 
217E-9 1.486479 0.265173 
218E-9 1.485326 0.268349 
219E-9 1.484345 0.271619 
220E-9 1.483542 0.274971 
221E-9 1.482926 0.278394 
222E-9 1.482501 0.281876 
223E-9 1.482273 0.285401 
224E-9 1.482245 0.288958 
225E-9 1.48242 0.292532 
226E-9 1.482799 0.296108 
227E-9 1.483382 0.299673 
228E-9 1.484169 0.303212 
229E-9 1.485156 0.306711 
230E-9 1.486341 0.310156 
231E-9 1.487719 0.313534 
232E-9 1.489284 0.316832 
233E-9 1.491032 0.320037 
234E-9 1.492953 0.323137 
235E-9 1.495039 0.326121 
236E-9 1.497283 0.328979 
237E-9 1.499674 0.331701 
238E-9 1.502202 0.334279 
239E-9 1.504856 0.336703 
240E-9 1.507626 0.338968 
241E-9 1.5105 0.341068 
242E-9 1.513466 0.342996 
243E-9 1.516512 0.344749 
244E-9 1.519627 0.346323 
245E-9 1.522798 0.347715 
246E-9 1.526014 0.348925 
247E-9 1.529263 0.34995 
248E-9 1.532533 0.350791 
249E-9 1.535813 0.351447 
250E-9 1.539092 0.351922 
251E-9 1.542359 0.352215 
252E-9 1.545603 0.35233 
253E-9 1.548814 0.352269 
254E-9 1.551982 0.352037 
255E-9 1.555099 0.351637 
256E-9 1.558154 0.351073 
257E-9 1.561139 0.350351 
258E-9 1.564047 0.349475 
259E-9 1.566868 0.348452 
260E-9 1.569597 0.347286 
261E-9 1.572226 0.345984 
262E-9 1.574748 0.344552 
263E-9 1.577157 0.342997 
264E-9 1.579447 0.341325 
265E-9 1.581614 0.339543 
266E-9 1.583652 0.337658 
267E-9 1.585556 0.335676 
268E-9 1.587323 0.333606 
269E-9 1.588947 0.331453 
270E-9 1.590426 0.329226 
271E-9 1.591756 0.326931 
272E-9 1.592935 0.324576 
273E-9 1.593958 0.322169 
274E-9 1.594824 0.319716 
275E-9 1.595531 0.317226 
276E-9 1.596076 0.314706 
277E-9 1.596457 0.312164 
278E-9 1.596675 0.309607 
279E-9 1.596726 0.307044 
280E-9 1.59661 0.304482 
281E-9 1.596327 0.301929 
282E-9 1.595876 0.299394 
283E-9 1.595257 0.296884 
284E-9 1.594471 0.294408 
285E-9 1.593517 0.291975 
286E-9 1.592397 0.289593 
287E-9 1.591112 0.28727 
288E-9 1.589664 0.285015 
289E-9 1.588055 0.282837 
290E-9 1.586287 0.280745 
291E-9 1.584362 0.278747 
292E-9 1.582286 0.276853 
293E-9 1.580061 0.275072 
294E-9 1.577692 0.273412 
295E-9 1.575184 0.271883 
296E-9 1.572542 0.270493 
297E-9 1.569773 0.269251 
298E-9 1.566884 0.268165 
299E-9 1.563882 0.267244 
300E-9 1.560775 0.266495 
301E-9 1.557571 0.265927 
302E-9 1.554281 0.265547 
303E-9 1.550915 0.265362 
304E-9 1.547482 0.265378 
305E-9 1.543994 0.265601 
306E-9 1.540464 0.266037 
307E-9 1.536904 0.266689 
308E-9 1.533326 0.267562 
309E-9 1.529744 0.268659 
310E-9 1.526173 0.269981 
311E-9 1.522626 0.27153 
312E-9 1.519118 0.273306 
313E-9 1.515664 0.275308 
314E-9 1.512279 0.277534 
315E-9 1.508979 0.279981 
316E-9 1.505777 0.282643 
317E-9 1.50269 0.285517 
318E-9 1.499731 0.288594 
319E-9 1.496915 0.291868 
320E-9 1.494256 0.295328 
321E-9 1.491767 0.298965 
322E-9 1.48946 0.302767 
323E-9 1.487347 0.306722 
324E-9 1.485438 0.310815 
325E-9 1.483745 0.315034 
326E-9 1.482274 0.319363 
327E-9 1.481033 0.323785 
328E-9 1.480029 0.328284 
329E-9 1.479267 0.332844 
330E-9 1.47875 0.337446 
331E-9 1.478479 0.342073 
332E-9 1.478456 0.346708 
333E-9 1.47868 0.351332 
334E-9 1.479149 0.355927 
335E-9 1.479859 0.360477 
336E-9 1.480805 0.364964 
337E-9 1.481981 0.369372 
338E-9 1.48338 0.373684 
339E-9 1.484993 0.377886 
340E-9 1.486811 0.381963 
341E-9 1.488823 0.385901 
342E-9 1.491016 0.389687 
343E-9 1.49338 0.39331 
344E-9 1.4959 0.396759 
345E-9 1.498562 0.400024 
346E-9 1.501354 0.403097 
347E-9 1.504258 0.40597 
348E-9 1.50726 0.408637 
349E-9 1.510346 0.411092 
350E-9 1.513498 0.413331 
351E-9 1.516701 0.415352 
352E-9 1.519938 0.417152 
353E-9 1.523195 0.418731 
354E-9 1.526455 0.420088 
355E-9 1.529703 0.421226 
356E-9 1.532922 0.422146 
357E-9 1.536097 0.422852 
358E-9 1.539214 0.423347 
359E-9 1.542258 0.423638 
360E-9 1.545215 0.423731 
361E-9 1.54807 0.423631 
362E-9 1.550811 0.423348 
363E-9 1.553424 0.42289 
364E-9 1.555898 0.422266 
365E-9 1.558221 0.421487 
366E-9 1.560382 0.420564 
367E-9 1.562371 0.419509 
368E-9 1.564178 0.418333 
369E-9 1.565795 0.417051 
370E-9 1.567215 0.415675 
371E-9 1.568429 0.41422 
372E-9 1.569433 0.412701 
373E-9 1.570221 0.411132 
374E-9 1.57079 0.40953 
375E-9 1.571136 0.40791 
376E-9 1.571257 0.406288 
377E-9 1.571154 0.404681 
378E-9 1.570826 0.403106 
379E-9 1.570275 0.401578 
380E-9 1.569504 0.400114 
381E-9 1.568517 0.398731 
382E-9 1.567321 0.397445 
383E-9 1.56592 0.396271 
384E-9 1.564324 0.395226 
385E-9 1.562541 0.394322 
386E-9 1.560581 0.393576 
387E-9 1.558457 0.393 
388E-9 1.556181 0.392606 
389E-9 1.553766 0.392407 
390E-9 1.551227 0.392412 
391E-9 1.54858 0.39263 
392E-9 1.54584 0.39307 
393E-9 1.543026 0.393737 
394E-9 1.540154 0.394637 
395E-9 1.537242 0.395773 
396E-9 1.534309 0.397147 
397E-9 1.531373 0.398759 
398E-9 1.528452 0.400606 
399E-9 1.525564 0.402687 
400E-9 1.522726 0.404997 
401E-9 1.519956 0.407528 
402E-9 1.517269 0.410272 
403E-9 1.514681 0.413221 
404E-9 1.512206 0.416363 
405E-9 1.509857 0.419686 
406E-9 1.507645 0.423177 
407E-9 1.50558 0.426821 
408E-9 1.503671 0.430605 
409E-9 1.501924 0.434512 
410E-9 1.500344 0.438526 
411E-9 1.498935 0.442632 
412E-9 1.497699 0.446813 
413E-9 1.496634 0.451054 
414E-9 1.495739 0.455338 
415E-9 1.495011 0.459652 
416E-9 1.494444 0.463981 
417E-9 1.494033 0.468312 
418E-9 1.49377 0.472632 
419E-9 1.493646 0.476931 
420E-9 1.493652 0.481199 
421E-9 1.493776 0.485428 
422E-9 1.494008 0.48961 
423E-9 1.494336 0.493741 
424E-9 1.494749 0.497815 
425E-9 1.495234 0.501832 
426E-9 1.49578 0.505789 
427E-9 1.496374 0.509687 
428E-9 1.497005 0.513527 
429E-9 1.497663 0.517314 
430E-9 1.498338 0.52105 
431E-9 1.499018 0.524741 
432E-9 1.499697 0.528395 
433E-9 1.500366 0.532017 
434E-9 1.501018 0.535616 
435E-9 1.501648 0.539201 
436E-9 1.502251 0.542781 
437E-9 1.502824 0.546366 
438E-9 1.503365 0.549966 
439E-9 1.503873 0.553591 
440E-9 1.504347 0.557251 
441E-9 1.50479 0.560957 
442E-9 1.505204 0.564717 
443E-9 1.505593 0.568543 
444E-9 1.505961 0.572442 
445E-9 1.506315 0.576424 
446E-9 1.506661 0.580496 
447E-9 1.507006 0.584665 
448E-9 1.507359 0.588938 
449E-9 1.507729 0.593319 
450E-9 1.508126 0.597813 
451E-9 1.508559 0.602424 
452E-9 1.509039 0.607153 
453E-9 1.509577 0.612002 
454E-9 1.510182 0.616971 
455E-9 1.510866 0.622059 
456E-9 1.511638 0.627263 
457E-9 1.512509 0.632581 
458E-9 1.513489 0.638008 
459E-9 1.514587 0.643539 
460E-9 1.515811 0.649168 
461E-9 1.517169 0.654889 
462E-9 1.518668 0.660694 
463E-9 1.520315 0.666574 
464E-9 1.522114 0.672522 
465E-9 1.52407 0.678528 
466E-9 1.526185 0.684583 
467E-9 1.528463 0.690678 
468E-9 1.530905 0.696803 
469E-9 1.53351 0.70295 
470E-9 1.536278 0.70911 
471E-9 1.539207 0.715274 
472E-9 1.542295 0.721434 
473E-9 1.545537 0.727582 
474E-9 1.548931 0.733713 
475E-9 1.552471 0.739821 
476E-9 1.556152 0.745899 
477E-9 1.559968 0.751945 
478E-9 1.563914 0.757955 
479E-9 1.567984 0.763927 
480E-9 1.572171 0.769861 
481E-9 1.57647 0.775755 
482E-9 1.580875 0.781612 
483E-9 1.585382 0.787433 
484E-9 1.589985 0.793221 
485E-9 1.594682 0.79898 
486E-9 1.599469 0.804714 
487E-9 1.604344 0.810429 
488E-9 1.609307 0.81613 
489E-9 1.614358 0.821822 
490E-9 1.619498 0.827514 
491E-9 1.62473 0.83321 
492E-9 1.630059 0.838916 
493E-9 1.635489 0.84464 
494E-9 1.641029 0.850386 
495E-9 1.646685 0.856158 
496E-9 1.652467 0.861961 
497E-9 1.658386 0.867797 
498E-9 1.664453 0.873669 
499E-9 1.670681 0.879575 
500E-9 1.677083 0.885515 
501E-9 1.683672 0.891485 
502E-9 1.690463 0.89748 
503E-9 1.69747 0.903494 
504E-9 1.704707 0.909517 
505E-9 1.712187 0.915539 
506E-9 1.719924 0.921547 
507E-9 1.727929 0.927525 
508E-9 1.736215 0.933457 
509E-9 1.744789 0.939325 
510E-9 1.753661 0.945108 
511E-9 1.762835 0.950785 
512E-9 1.772316 0.956333 
513E-9 1.782105 0.961727 
514E-9 1.792201 0.966943 
515E-9 1.8026 0.971956 
516E-9 1.813296 0.976741 
517E-9 1.82428 0.981271 
518E-9 1.835539 0.985523 
519E-9 1.847058 0.989472 
520E-9 1.858821 0.993096 
521E-9 1.870805 0.996373 
522E-9 1.882989 0.999284 
523E-9 1.895347 1.001811 
524E-9 1.90785 1.00394 
525E-9 1.92047 1.005658 
526E-9 1.933175 1.006958 
527E-9 1.945932 1.007833 
528E-9 1.958707 1.008281 
529E-9 1.971467 1.008305 
530E-9 1.984177 1.007911 
531E-9 1.996801 1.007108 
532E-9 2.009308 1.005912 
533E-9 2.021665 1.004339 
534E-9 2.033842 1.002415 
535E-9 2.045812 1.000164 
536E-9 2.05755 0.997618 
537E-9 2.069035 0.99481 
538E-9 2.080251 0.991779 
539E-9 2.091187 0.988564 
540E-9 2.101836 0.985208 
541E-9 2.112198 0.981754 
542E-9 2.122279 0.978246 
543E-9 2.132091 0.974731 
544E-9 2.141654 0.971249 
545E-9 2.150994 0.967844 
546E-9 2.160143 0.964553 
547E-9 2.169141 0.96141 
548E-9 2.178033 0.958444 
549E-9 2.18687 0.955678 
550E-9 2.195708 0.953125 
551E-9 2.204605 0.950794 
552E-9 2.213624 0.948682 
553E-9 2.222825 0.946778 
554E-9 2.232272 0.945059 
555E-9 2.242026 0.943494 
556E-9 2.252141 0.942041 
557E-9 2.262671 0.940649 
558E-9 2.27366 0.939259 
559E-9 2.285145 0.937803 
560E-9 2.297153 0.936206 
561E-9 2.309701 0.93439 
562E-9 2.322795 0.93227 
563E-9 2.33643 0.929764 
564E-9 2.350587 0.926786 
565E-9 2.365236 0.923252 
566E-9 2.380337 0.919084 
567E-9 2.395838 0.914207 
568E-9 2.411677 0.908554 
569E-9 2.427783 0.902064 
570E-9 2.444077 0.894686 
571E-9 2.460476 0.88638 
572E-9 2.476889 0.877115 
573E-9 2.493225 0.86687 
574E-9 2.509389 0.855639 
575E-9 2.525286 0.843422 
576E-9 2.540822 0.830233 
577E-9 2.555907 0.816097 
578E-9 2.570452 0.801046 
579E-9 2.584374 0.785124 
580E-9 2.597597 0.768381 
581E-9 2.610048 0.750876 
582E-9 2.621665 0.732674 
583E-9 2.632391 0.713847 
584E-9 2.642179 0.694468 
585E-9 2.650988 0.674618 
586E-9 2.658787 0.654378 
587E-9 2.665554 0.63383 
588E-9 2.671275 0.613058 
589E-9 2.675943 0.592145 
590E-9 2.679562 0.571173 
591E-9 2.68214 0.550221 
592E-9 2.683694 0.529368 
593E-9 2.684248 0.508686 
594E-9 2.683832 0.488247 
595E-9 2.682482 0.468114 
596E-9 2.680236 0.448349 
597E-9 2.67714 0.429007 
598E-9 2.673241 0.410139 
599E-9 2.668591 0.391788 
600E-9 2.663244 0.373993 
601E-9 2.657253 0.356787 
602E-9 2.650675 0.340197 
603E-9 2.643567 0.324246 
604E-9 2.635986 0.308948 
605E-9 2.627986 0.294316 
606E-9 2.619623 0.280355 
607E-9 2.61095 0.267066 
608E-9 2.60202 0.254447 
609E-9 2.59288 0.24249 
610E-9 2.583577 0.231185 
611E-9 2.574156 0.220518 
612E-9 2.564658 0.210473 
613E-9 2.555121 0.20103 
614E-9 2.545579 0.192167 
615E-9 2.536065 0.183864 
616E-9 2.526608 0.176094 
617E-9 2.517232 0.168833 
618E-9 2.507961 0.162056 
619E-9 2.498814 0.155736 
620E-9 2.489808 0.149847 
621E-9 2.480957 0.144364 
622E-9 2.472272 0.13926 
623E-9 2.463764 0.13451 
624E-9 2.45544 0.130091 
625E-9 2.447304 0.125979 
626E-9 2.43936 0.122152 
627E-9 2.43161 0.118588 
628E-9 2.424055 0.115267 
629E-9 2.416694 0.11217 
630E-9 2.409525 0.109279 
631E-9 2.402545 0.106578 
632E-9 2.395752 0.10405 
633E-9 2.389141 0.101682 
634E-9 2.382708 0.09946 
635E-9 2.376447 0.097371 
636E-9 2.370354 0.095406 
637E-9 2.364424 0.093552 
638E-9 2.35865 0.091802 
639E-9 2.353028 0.090146 
640E-9 2.347552 0.088576 
641E-9 2.342216 0.087087 
642E-9 2.337015 0.08567 
643E-9 2.331944 0.084321 
644E-9 2.326997 0.083034 
645E-9 2.32217 0.081805 
646E-9 2.317458 0.080629 
647E-9 2.312856 0.079503 
648E-9 2.308361 0.078423 
649E-9 2.303967 0.077386 
650E-9 2.29967 0.076389 
651E-9 2.295468 0.075431 
652E-9 2.291356 0.074508 
653E-9 2.287331 0.073618 
654E-9 2.28339 0.072761 
655E-9 2.279529 0.071933 
656E-9 2.275746 0.071134 
657E-9 2.272038 0.070362 
658E-9 2.268402 0.069616 
659E-9 2.264836 0.068894 
660E-9 2.261337 0.068196 
661E-9 2.257904 0.067521 
662E-9 2.254534 0.066867 
663E-9 2.251225 0.066234 
664E-9 2.247976 0.065621 
665E-9 2.244784 0.065027 
666E-9 2.241648 0.064451 
667E-9 2.238566 0.063894 
668E-9 2.235537 0.063353 
669E-9 2.232559 0.062829 
670E-9 2.22963 0.062322 
671E-9 2.226751 0.061829 
672E-9 2.223918 0.061352 
673E-9 2.221132 0.060889 
674E-9 2.21839 0.060439 
675E-9 2.215693 0.060004 
676E-9 2.213037 0.059581 
677E-9 2.210423 0.059171 
678E-9 2.20785 0.058774 
679E-9 2.205317 0.058388 
680E-9 2.202822 0.058014 
681E-9 2.200366 0.057651 
682E-9 2.197946 0.057298 
683E-9 2.195562 0.056956 
684E-9 2.193214 0.056624 
685E-9 2.1909 0.056302 
686E-9 2.188621 0.055989 
687E-9 2.186374 0.055685 
688E-9 2.18416 0.055391 
689E-9 2.181978 0.055104 
690E-9 2.179826 0.054826 
691E-9 2.177706 0.054556 
692E-9 2.175615 0.054294 
693E-9 2.173553 0.05404 
694E-9 2.17152 0.053792 
695E-9 2.169516 0.053552 
696E-9 2.167538 0.053319 
697E-9 2.165588 0.053092 
698E-9 2.163665 0.052871 
699E-9 2.161767 0.052657 
700E-9 2.159895 0.052449 
701E-9 2.158048 0.052246 
702E-9 2.156225 0.052049 
703E-9 2.154427 0.051858 
704E-9 2.152652 0.051671 
705E-9 2.1509 0.05149 
706E-9 2.149171 0.051313 
707E-9 2.147465 0.051142 
708E-9 2.14578 0.050975 
709E-9 2.144117 0.050812 
710E-9 2.142476 0.050654 
711E-9 2.140855 0.050499 
712E-9 2.139254 0.050349 
713E-9 2.137674 0.050202 
714E-9 2.136113 0.05006 
715E-9 2.134571 0.04992 
716E-9 2.133049 0.049785 
717E-9 2.131545 0.049652 
718E-9 2.13006 0.049523 
719E-9 2.128592 0.049397 
720E-9 2.127143 0.049274 
721E-9 2.125711 0.049154 
722E-9 2.124296 0.049037 
723E-9 2.122898 0.048922 
724E-9 2.121516 0.04881 
725E-9 2.120151 0.048701 
726E-9 2.118801 0.048594 
727E-9 2.117468 0.04849 
728E-9 2.116149 0.048387 
729E-9 2.114847 0.048287 
730E-9 2.113559 0.048189 
731E-9 2.112285 0.048093 
732E-9 2.111027 0.047999 
733E-9 2.109782 0.047907 
734E-9 2.108552 0.047817 
735E-9 2.107335 0.047728 
736E-9 2.106132 0.047642 
737E-9 2.104942 0.047557 
738E-9 2.103765 0.047473 
739E-9 2.102601 0.047391 
740E-9 2.10145 0.047311 
741E-9 2.100312 0.047231 
742E-9 2.099185 0.047154 
743E-9 2.098071 0.047077 
744E-9 2.096969 0.047002 
745E-9 2.095878 0.046928 
746E-9 2.094799 0.046856 
747E-9 2.093731 0.046784 
748E-9 2.092675 0.046714 
749E-9 2.09163 0.046644 
750E-9 2.090595 0.046576 
751E-9 2.089571 0.046508 
752E-9 2.088558 0.046442 
753E-9 2.087555 0.046377 
754E-9 2.086562 0.046312 
755E-9 2.08558 0.046248 
756E-9 2.084607 0.046185 
757E-9 2.083644 0.046123 
758E-9 2.08269 0.046062 
759E-9 2.081746 0.046001 
760E-9 2.080812 0.045941 
761E-9 2.079886 0.045882 
762E-9 2.07897 0.045823 
763E-9 2.078063 0.045765 
764E-9 2.077164 0.045708 
765E-9 2.076274 0.045651 
766E-9 2.075392 0.045595 
767E-9 2.074519 0.045539 
768E-9 2.073655 0.045484 
769E-9 2.072798 0.04543 
770E-9 2.07195 0.045376 
771E-9 2.071109 0.045322 
772E-9 2.070276 0.045269 
773E-9 2.069452 0.045216 
774E-9 2.068634 0.045164 
775E-9 2.067824 0.045112 
776E-9 2.067022 0.04506 
777E-9 2.066227 0.045009 
778E-9 2.065439 0.044958 
779E-9 2.064658 0.044908 
780E-9 2.063884 0.044858 
781E-9 2.063118 0.044808 
782E-9 2.062358 0.044759 
783E-9 2.061604 0.04471 
784E-9 2.060858 0.044661 
785E-9 2.060117 0.044612 
786E-9 2.059384 0.044564 
787E-9 2.058657 0.044516 
788E-9 2.057936 0.044469 
789E-9 2.057221 0.044421 
790E-9 2.056512 0.044374 
791E-9 2.05581 0.044327 
792E-9 2.055113 0.04428 
793E-9 2.054423 0.044234 
794E-9 2.053738 0.044187 
795E-9 2.053059 0.044141 
796E-9 2.052385 0.044095 
797E-9 2.051717 0.04405 
798E-9 2.051055 0.044004 
799E-9 2.050398 0.043959 
800E-9 2.049747 0.043914 
801E-9 2.049101 0.043869 
802E-9 2.04846 0.043824 
803E-9 2.047824 0.043779 
804E-9 2.047194 0.043735 
805E-9 2.046568 0.04369 
806E-9 2.045948 0.043646 
807E-9 2.045332 0.043602 
808E-9 2.044722 0.043558 
809E-9 2.044116 0.043514 
810E-9 2.043515 0.04347 
811E-9 2.042918 0.043427 
812E-9 2.042327 0.043383 
813E-9 2.04174 0.04334 
814E-9 2.041157 0.043297 
815E-9 2.040579 0.043254 
816E-9 2.040005 0.043211 
817E-9 2.039436 0.043168 
818E-9 2.038872 0.043125 
819E-9 2.038311 0.043082 
820E-9 2.037755 0.04304 
821E-9 2.037202 0.042997 
822E-9 2.036654 0.042955 
823E-9 2.03611 0.042913 
824E-9 2.035571 0.04287 
825E-9 2.035035 0.042828 
826E-9 2.034503 0.042786 
827E-9 2.033975 0.042744 
828E-9 2.033451 0.042703 
829E-9 2.03293 0.042661 
830E-9 2.032414 0.042619 
831E-9 2.031901 0.042578 
832E-9 2.031392 0.042536 
833E-9 2.030886 0.042495 
834E-9 2.030385 0.042453 
835E-9 2.029886 0.042412 
836E-9 2.029392 0.042371 
837E-9 2.0289 0.042329 
838E-9 2.028413 0.042288 
839E-9 2.027929 0.042247 
840E-9 2.027447 0.042206 
841E-9 2.02697 0.042166 
842E-9 2.026496 0.042125 
843E-9 2.026025 0.042084 
844E-9 2.025557 0.042043 
845E-9 2.025093 0.042003 
846E-9 2.024632 0.041962 
847E-9 2.024173 0.041922 
848E-9 2.023718 0.041881 
849E-9 2.023266 0.041841 
850E-9 2.022817 0.041801 
851E-9 2.022372 0.04176 
852E-9 2.021929 0.04172 
853E-9 2.021489 0.04168 
854E-9 2.021052 0.04164 
855E-9 2.020618 0.0416 
856E-9 2.020187 0.04156 
857E-9 2.019758 0.04152 
858E-9 2.019333 0.04148 
859E-9 2.01891 0.04144 
860E-9 2.01849 0.041401 
861E-9 2.018073 0.041361 
862E-9 2.017658 0.041321 
863E-9 2.017246 0.041282 
864E-9 2.016837 0.041242 
865E-9 2.016431 0.041203 
866E-9 2.016027 0.041164 
867E-9 2.015625 0.041124 
868E-9 2.015227 0.041085 
869E-9 2.01483 0.041046 
870E-9 2.014436 0.041007 
871E-9 2.014045 0.040967 
872E-9 2.013656 0.040928 
873E-9 2.01327 0.040889 
874E-9 2.012886 0.04085 
875E-9 2.012504 0.040811 
876E-9 2.012125 0.040773 
877E-9 2.011748 0.040734 
878E-9 2.011374 0.040695 
879E-9 2.011002 0.040656 
880E-9 2.010632 0.040618 
881E-9 2.010264 0.040579 
882E-9 2.009898 0.040541 
883E-9 2.009535 0.040502 
884E-9 2.009174 0.040464 
885E-9 2.008815 0.040425 
886E-9 2.008458 0.040387 
887E-9 2.008104 0.040349 
888E-9 2.007751 0.04031 
889E-9 2.007401 0.040272 
890E-9 2.007053 0.040234 
891E-9 2.006706 0.040196 
892E-9 2.006362 0.040158 
893E-9 2.00602 0.04012 
894E-9 2.00568 0.040082 
895E-9 2.005342 0.040044 
896E-9 2.005006 0.040006 
897E-9 2.004672 0.039969 
898E-9 2.004339 0.039931 
899E-9 2.004009 0.039893 
900E-9 2.003681 0.039856 
901E-9 2.003354 0.039818 
902E-9 2.00303 0.039781 
903E-9 2.002707 0.039743 
904E-9 2.002386 0.039706 
905E-9 2.002067 0.039668 
906E-9 2.00175 0.039631 
907E-9 2.001434 0.039594 
908E-9 2.001121 0.039557 
909E-9 2.000808 0.039519 
910E-9 2.000498 0.039482 
911E-9 2.00019 0.039445 
912E-9 1.999883 0.039408 
913E-9 1.999578 0.039371 
914E-9 1.999275 0.039334 
915E-9 1.998973 0.039298 
916E-9 1.998673 0.039261 
917E-9 1.998375 0.039224 
918E-9 1.998078 0.039187 
919E-9 1.997783 0.039151 
920E-9 1.99749 0.039114 
921E-9 1.997198 0.039078 
922E-9 1.996908 0.039041 
923E-9 1.996619 0.039005 
924E-9 1.996332 0.038968 
925E-9 1.996047 0.038932 
926E-9 1.995763 0.038896 
927E-9 1.99548 0.038859 
928E-9 1.995199 0.038823 
929E-9 1.99492 0.038787 
930E-9 1.994642 0.038751 
931E-9 1.994365 0.038715 
932E-9 1.99409 0.038679 
933E-9 1.993817 0.038643 
934E-9 1.993545 0.038607 
935E-9 1.993274 0.038571 
936E-9 1.993005 0.038535 
937E-9 1.992737 0.0385 
938E-9 1.992471 0.038464 
939E-9 1.992206 0.038428 
940E-9 1.991942 0.038393 
941E-9 1.99168 0.038357 
942E-9 1.991419 0.038322 
943E-9 1.991159 0.038286 
944E-9 1.990901 0.038251 
945E-9 1.990644 0.038216 
946E-9 1.990388 0.03818 
947E-9 1.990134 0.038145 
948E-9 1.989881 0.03811 
949E-9 1.989629 0.038075 
950E-9 1.989379 0.03804 
951E-9 1.98913 0.038005 
952E-9 1.988882 0.03797 
953E-9 1.988635 0.037935 
954E-9 1.98839 0.0379 
955E-9 1.988145 0.037865 
956E-9 1.987902 0.03783 
957E-9 1.987661 0.037796 
958E-9 1.98742 0.037761 
959E-9 1.987181 0.037726 
960E-9 1.986943 0.037692 
961E-9 1.986706 0.037657 
962E-9 1.98647 0.037623 
963E-9 1.986235 0.037589 
964E-9 1.986002 0.037554 
965E-9 1.985769 0.03752 
966E-9 1.985538 0.037486 
967E-9 1.985308 0.037451 
968E-9 1.985079 0.037417 
969E-9 1.984851 0.037383 
970E-9 1.984625 0.037349 
971E-9 1.984399 0.037315 
972E-9 1.984174 0.037281 
973E-9 1.983951 0.037247 
974E-9 1.983728 0.037213 
975E-9 1.983507 0.037179 
976E-9 1.983287 0.037146 
977E-9 1.983068 0.037112 
978E-9 1.982849 0.037078 
979E-9 1.982632 0.037045 
980E-9 1.982416 0.037011 
981E-9 1.982201 0.036978 
982E-9 1.981987 0.036944 
983E-9 1.981774 0.036911 
984E-9 1.981562 0.036877 
985E-9 1.981351 0.036844 
986E-9 1.981141 0.036811 
987E-9 1.980932 0.036778 
988E-9 1.980724 0.036744 
989E-9 1.980517 0.036711 
990E-9 1.98031 0.036678 
991E-9 1.980105 0.036645 
992E-9 1.979901 0.036612 
993E-9 1.979698 0.036579 
994E-9 1.979495 0.036547 
995E-9 1.979294 0.036514 
996E-9 1.979093 0.036481 
997E-9 1.978894 0.036448 
998E-9 1.978695 0.036416 
999E-9 1.978497 0.036383 
1000E-9 1.9783 0.03635 
1002.5E-9 1.977812 0.036269 
1005E-9 1.977329 0.036188 
1007.5E-9 1.976851 0.036108 
1010E-9 1.976379 0.036027 
1012.5E-9 1.975912 0.035947 
1015E-9 1.975451 0.035868 
1017.5E-9 1.974994 0.035788 
1020E-9 1.974542 0.035709 
1022.5E-9 1.974096 0.03563 
1025E-9 1.973654 0.035552 
1027.5E-9 1.973217 0.035474 
1030E-9 1.972784 0.035396 
1032.5E-9 1.972356 0.035318 
1035E-9 1.971933 0.035241 
1037.5E-9 1.971514 0.035164 
1040E-9 1.9711 0.035087 
1042.5E-9 1.97069 0.035011 
1045E-9 1.970284 0.034934 
1047.5E-9 1.969882 0.034859 
1050E-9 1.969485 0.034783 
1052.5E-9 1.969091 0.034708 
1055E-9 1.968702 0.034633 
1057.5E-9 1.968317 0.034558 
1060E-9 1.967935 0.034484 
1062.5E-9 1.967557 0.034409 
1065E-9 1.967184 0.034336 
1067.5E-9 1.966814 0.034262 
1070E-9 1.966447 0.034189 
1072.5E-9 1.966084 0.034116 
1075E-9 1.965725 0.034043 
1077.5E-9 1.96537 0.03397 
1080E-9 1.965018 0.033898 
1082.5E-9 1.964669 0.033826 
1085E-9 1.964324 0.033755 
1087.5E-9 1.963982 0.033683 
1090E-9 1.963643 0.033612 
1092.5E-9 1.963307 0.033541 
1095E-9 1.962975 0.033471 
1097.5E-9 1.962646 0.0334 
1100E-9 1.96232 0.03333 
1102.5E-9 1.961997 0.033261 
1105E-9 1.961678 0.033191 
1107.5E-9 1.961361 0.033122 
1110E-9 1.961047 0.033053 
1112.5E-9 1.960736 0.032984 
1115E-9 1.960428 0.032916 
1117.5E-9 1.960123 0.032848 
1120E-9 1.95982 0.03278 
1122.5E-9 1.959521 0.032712 
1125E-9 1.959224 0.032644 
1127.5E-9 1.95893 0.032577 
1130E-9 1.958638 0.03251 
1132.5E-9 1.958349 0.032444 
1135E-9 1.958063 0.032377 
1137.5E-9 1.957779 0.032311 
1140E-9 1.957498 0.032245 
1142.5E-9 1.957219 0.032179 
1145E-9 1.956943 0.032114 
1147.5E-9 1.956669 0.032049 
1150E-9 1.956397 0.031984 
1152.5E-9 1.956128 0.031919 
1155E-9 1.955862 0.031855 
1157.5E-9 1.955597 0.03179 
1160E-9 1.955335 0.031726 
1162.5E-9 1.955075 0.031663 
1165E-9 1.954818 0.031599 
1167.5E-9 1.954562 0.031536 
1170E-9 1.954309 0.031473 
1172.5E-9 1.954058 0.03141 
1175E-9 1.953809 0.031348 
1177.5E-9 1.953562 0.031285 
1180E-9 1.953317 0.031223 
1182.5E-9 1.953074 0.031161 
1185E-9 1.952834 0.0311 
1187.5E-9 1.952595 0.031038 
1190E-9 1.952358 0.030977 
1192.5E-9 1.952123 0.030916 
1195E-9 1.951891 0.030855 
1197.5E-9 1.95166 0.030795 
1200E-9 1.951431 0.030734 
1202.5E-9 1.951203 0.030674 
1205E-9 1.950978 0.030614 
1207.5E-9 1.950755 0.030555 
1210E-9 1.950533 0.030495 
1212.5E-9 1.950313 0.030436 
1215E-9 1.950095 0.030377 
1217.5E-9 1.949878 0.030318 
1220E-9 1.949664 0.03026 
1222.5E-9 1.949451 0.030201 
1225E-9 1.94924 0.030143 
1227.5E-9 1.94903 0.030085 
1230E-9 1.948822 0.030028 
1232.5E-9 1.948616 0.02997 
1235E-9 1.948411 0.029913 
1237.5E-9 1.948208 0.029856 
1240E-9 1.948006 0.029799 
1242.5E-9 1.947806 0.029742 
1245E-9 1.947608 0.029686 
1247.5E-9 1.947411 0.029629 
1250E-9 1.947215 0.029573 
1252.5E-9 1.947021 0.029517 
1255E-9 1.946829 0.029462 
1257.5E-9 1.946638 0.029406 
1260E-9 1.946449 0.029351 
1262.5E-9 1.94626 0.029296 
1265E-9 1.946074 0.029241 
1267.5E-9 1.945889 0.029186 
1270E-9 1.945705 0.029132 
1272.5E-9 1.945522 0.029077 
1275E-9 1.945341 0.029023 
1277.5E-9 1.945161 0.028969 
1280E-9 1.944983 0.028916 
1282.5E-9 1.944806 0.028862 
1285E-9 1.94463 0.028809 
1287.5E-9 1.944455 0.028755 
1290E-9 1.944282 0.028702 
1292.5E-9 1.94411 0.02865 
1295E-9 1.943939 0.028597 
1297.5E-9 1.943769 0.028545 
1300E-9 1.943601 0.028492 
1302.5E-9 1.943434 0.02844 
1305E-9 1.943268 0.028388 
1307.5E-9 1.943103 0.028337 
1310E-9 1.94294 0.028285 
1312.5E-9 1.942777 0.028234 
1315E-9 1.942616 0.028183 
1317.5E-9 1.942456 0.028132 
1320E-9 1.942297 0.028081 
1322.5E-9 1.942139 0.02803 
1325E-9 1.941982 0.02798 
1327.5E-9 1.941827 0.027929 
1330E-9 1.941672 0.027879 
1332.5E-9 1.941519 0.027829 
1335E-9 1.941366 0.02778 
1337.5E-9 1.941215 0.02773 
1340E-9 1.941065 0.027681 
1342.5E-9 1.940915 0.027631 
1345E-9 1.940767 0.027582 
1347.5E-9 1.94062 0.027533 
1350E-9 1.940474 0.027484 
1352.5E-9 1.940328 0.027436 
1355E-9 1.940184 0.027387 
1357.5E-9 1.940041 0.027339 
1360E-9 1.939899 0.027291 
1362.5E-9 1.939757 0.027243 
1365E-9 1.939617 0.027195 
1367.5E-9 1.939477 0.027148 
1370E-9 1.939339 0.0271 
1372.5E-9 1.939201 0.027053 
1375E-9 1.939065 0.027006 
1377.5E-9 1.938929 0.026959 
1380E-9 1.938794 0.026912 
1382.5E-9 1.93866 0.026865 
1385E-9 1.938527 0.026819 
1387.5E-9 1.938395 0.026772 
1390E-9 1.938263 0.026726 
1392.5E-9 1.938133 0.02668 
1395E-9 1.938003 0.026634 
1397.5E-9 1.937875 0.026589 
1400E-9 1.937747 0.026543 
1402.5E-9 1.937619 0.026498 
1405E-9 1.937493 0.026452 
1407.5E-9 1.937368 0.026407 
1410E-9 1.937243 0.026362 
1412.5E-9 1.937119 0.026317 
1415E-9 1.936996 0.026273 
1417.5E-9 1.936874 0.026228 
1420E-9 1.936752 0.026184 
1422.5E-9 1.936631 0.026139 
1425E-9 1.936511 0.026095 
1427.5E-9 1.936392 0.026051 
1430E-9 1.936273 0.026007 
1432.5E-9 1.936156 0.025964 
1435E-9 1.936039 0.02592 
1437.5E-9 1.935922 0.025877 
1440E-9 1.935807 0.025833 
1442.5E-9 1.935692 0.02579 
1445E-9 1.935578 0.025747 
1447.5E-9 1.935464 0.025704 
1450E-9 1.935352 0.025662 
1452.5E-9 1.93524 0.025619 
1455E-9 1.935128 0.025577 
1457.5E-9 1.935018 0.025534 
1460E-9 1.934908 0.025492 
1462.5E-9 1.934798 0.02545 
1465E-9 1.93469 0.025408 
1467.5E-9 1.934582 0.025367 
1470E-9 1.934474 0.025325 
1472.5E-9 1.934368 0.025284 
1475E-9 1.934262 0.025242 
1477.5E-9 1.934156 0.025201 
1480E-9 1.934051 0.02516 
1482.5E-9 1.933947 0.025119 
1485E-9 1.933844 0.025078 
1487.5E-9 1.933741 0.025037 
1490E-9 1.933638 0.024997 
1492.5E-9 1.933537 0.024956 
1495E-9 1.933436 0.024916 
1497.5E-9 1.933335 0.024876 
1500E-9 1.933235 0.024836 
1502.5E-9 1.933136 0.024796 
1505E-9 1.933037 0.024756 
1507.5E-9 1.932939 0.024716 
1510E-9 1.932841 0.024677 
1512.5E-9 1.932745 0.024637 
1515E-9 1.932648 0.024598 
1517.5E-9 1.932552 0.024559 
1520E-9 1.932457 0.024519 
1522.5E-9 1.932362 0.024481 
1525E-9 1.932268 0.024442 
1527.5E-9 1.932174 0.024403 
1530E-9 1.932081 0.024364 
1532.5E-9 1.931988 0.024326 
1535E-9 1.931896 0.024287 
1537.5E-9 1.931805 0.024249 
1540E-9 1.931714 0.024211 
1542.5E-9 1.931623 0.024173 
1545E-9 1.931533 0.024135 
1547.5E-9 1.931443 0.024097 
1550E-9 1.931355 0.02406 
1552.5E-9 1.931266 0.024022 
1555E-9 1.931178 0.023985 
1557.5E-9 1.93109 0.023947 
1560E-9 1.931003 0.02391 
1562.5E-9 1.930917 0.023873 
1565E-9 1.930831 0.023836 
1567.5E-9 1.930745 0.023799 
1570E-9 1.93066 0.023762 
1572.5E-9 1.930575 0.023726 
1575E-9 1.930491 0.023689 
1577.5E-9 1.930408 0.023653 
1580E-9 1.930324 0.023616 
1582.5E-9 1.930242 0.02358 
1585E-9 1.930159 0.023544 
1587.5E-9 1.930077 0.023508 
1590E-9 1.929996 0.023472 
1592.5E-9 1.929915 0.023436 
1595E-9 1.929834 0.023401 
1597.5E-9 1.929754 0.023365 
1600E-9 1.929675 0.02333 
1602.5E-9 1.929595 0.023294 
1605E-9 1.929517 0.023259 
1607.5E-9 1.929438 0.023224 
1610E-9 1.92936 0.023189 
1612.5E-9 1.929283 0.023154 
1615E-9 1.929205 0.023119 
1617.5E-9 1.929129 0.023084 
1620E-9 1.929052 0.02305 
1622.5E-9 1.928976 0.023015 
1625E-9 1.928901 0.022981 
1627.5E-9 1.928826 0.022946 
1630E-9 1.928751 0.022912 
1632.5E-9 1.928677 0.022878 
1635E-9 1.928603 0.022844 
1637.5E-9 1.928529 0.02281 
1640E-9 1.928456 0.022776 
1642.5E-9 1.928383 0.022743 
1645E-9 1.928311 0.022709 
1647.5E-9 1.928239 0.022675 
1650E-9 1.928167 0.022642 
1652.5E-9 1.928096 0.022609 
1655E-9 1.928025 0.022575 
1657.5E-9 1.927954 0.022542 
1660E-9 1.927884 0.022509 
1662.5E-9 1.927814 0.022476 
1665E-9 1.927745 0.022443 
1667.5E-9 1.927676 0.02241 
1670E-9 1.927607 0.022378 
1672.5E-9 1.927539 0.022345 
1675E-9 1.927471 0.022313 
1677.5E-9 1.927403 0.02228 
1680E-9 1.927336 0.022248 
1682.5E-9 1.927269 0.022216 
1685E-9 1.927202 0.022184 
1687.5E-9 1.927135 0.022152 
1690E-9 1.927069 0.02212 
