lambda n k
300E-9 1.70496 0.12388 
301E-9 1.70386 0.1233 
302E-9 1.70151 0.12271 
303E-9 1.69857 0.12223 
304E-9 1.69475 0.12196 
305E-9 1.69167 0.12262 
306E-9 1.68938 0.12385 
307E-9 1.68957 0.12647 
308E-9 1.69103 0.12909 
309E-9 1.69334 0.13169 
310E-9 1.69567 0.13192 
311E-9 1.69753 0.13106 
312E-9 1.6987 0.12865 
313E-9 1.6988 0.126 
314E-9 1.69838 0.12368 
315E-9 1.69699 0.12267 
316E-9 1.69526 0.12263 
317E-9 1.69336 0.12319 
318E-9 1.69184 0.12441 
319E-9 1.69071 0.12568 
320E-9 1.69006 0.12701 
321E-9 1.68997 0.12824 
322E-9 1.6901 0.12939 
323E-9 1.69055 0.13034 
324E-9 1.69142 0.13118 
325E-9 1.69259 0.13195 
326E-9 1.69473 0.13274 
327E-9 1.69744 0.13356 
328E-9 1.70078 0.13442 
329E-9 1.70445 0.13479 
330E-9 1.70798 0.13472 
331E-9 1.71106 0.13377 
332E-9 1.71336 0.13178 
333E-9 1.71526 0.12929 
334E-9 1.7166 0.12619 
335E-9 1.71792 0.12318 
336E-9 1.71923 0.12027 
337E-9 1.72065 0.11779 
338E-9 1.72202 0.11534 
339E-9 1.72326 0.1129 
340E-9 1.72409 0.11009 
341E-9 1.72469 0.10707 
342E-9 1.72478 0.10357 
343E-9 1.72469 0.10002 
344E-9 1.72444 0.09641 
345E-9 1.72412 0.09313 
346E-9 1.72378 0.09003 
347E-9 1.7234 0.08723 
348E-9 1.72282 0.08461 
349E-9 1.72208 0.08204 
350E-9 1.72093 0.07947 
351E-9 1.71955 0.07686 
352E-9 1.71798 0.07424 
353E-9 1.71655 0.07186 
354E-9 1.7154 0.0697 
355E-9 1.71467 0.06788 
356E-9 1.71476 0.06653 
357E-9 1.71519 0.06532 
358E-9 1.71618 0.06412 
359E-9 1.71735 0.06251 
360E-9 1.71865 0.06063 
361E-9 1.71991 0.05756 
362E-9 1.72113 0.05403 
363E-9 1.72231 0.04986 
364E-9 1.72346 0.04508 
365E-9 1.72461 0.04006 
366E-9 1.72576 0.03472 
367E-9 1.72676 0.02941 
368E-9 1.72765 0.02413 
369E-9 1.72777 0.01944 
370E-9 1.7273 0.01527 
371E-9 1.72608 0.01174 
372E-9 1.72344 0.0095 
373E-9 1.72024 0.00781 
374E-9 1.71615 0.00702 
375E-9 1.71171 0.00675 
376E-9 1.70712 0.00676 
377E-9 1.70265 0.00707 
378E-9 1.69843 0.00742 
379E-9 1.69448 0.00781 
380E-9 1.691 0.0082 
381E-9 1.68775 0.00858 
382E-9 1.68488 0.00893 
383E-9 1.68236 0.00924 
384E-9 1.68004 0.00954 
385E-9 1.67802 0.0099 
386E-9 1.67603 0.01039 
387E-9 1.67407 0.01101 
388E-9 1.67192 0.01207 
389E-9 1.66962 0.01337 
390E-9 1.66703 0.0151 
391E-9 1.66418 0.0172 
392E-9 1.6612 0.01947 
393E-9 1.65804 0.022 
394E-9 1.65484 0.02457 
395E-9 1.65162 0.02717 
396E-9 1.64846 0.02966 
397E-9 1.64535 0.03204 
398E-9 1.64231 0.03424 
399E-9 1.63938 0.03612 
400E-9 1.63652 0.03781 
401E-9 1.63381 0.03903 
402E-9 1.63121 0.03989 
403E-9 1.6287 0.04047 
404E-9 1.62635 0.04059 
405E-9 1.62405 0.04063 
406E-9 1.62184 0.04054 
407E-9 1.6197 0.04051 
408E-9 1.61758 0.04056 
409E-9 1.61551 0.04087 
410E-9 1.61342 0.04139 
411E-9 1.61132 0.04205 
412E-9 1.60911 0.04297 
413E-9 1.60681 0.04394 
414E-9 1.60439 0.04501 
415E-9 1.60172 0.04611 
416E-9 1.59894 0.04724 
417E-9 1.59592 0.0484 
418E-9 1.59283 0.04968 
419E-9 1.5897 0.05105 
420E-9 1.58665 0.05279 
421E-9 1.58372 0.05475 
422E-9 1.58093 0.05703 
423E-9 1.57851 0.05987 
424E-9 1.57626 0.06298 
425E-9 1.57435 0.06659 
426E-9 1.57266 0.07056 
427E-9 1.57112 0.07474 
428E-9 1.56984 0.07935 
429E-9 1.56865 0.08413 
430E-9 1.56757 0.08909 
431E-9 1.56662 0.09425 
432E-9 1.56575 0.09943 
433E-9 1.56499 0.10459 
434E-9 1.56437 0.10954 
435E-9 1.56384 0.11435 
436E-9 1.56351 0.11866 
437E-9 1.56329 0.12257 
438E-9 1.5632 0.12608 
439E-9 1.56332 0.12874 
440E-9 1.56352 0.13105 
441E-9 1.56388 0.13276 
442E-9 1.56436 0.13392 
443E-9 1.56491 0.13476 
444E-9 1.56561 0.135 
445E-9 1.56637 0.13492 
446E-9 1.5672 0.13455 
447E-9 1.56816 0.13374 
448E-9 1.56916 0.13281 
449E-9 1.57025 0.13174 
450E-9 1.57145 0.13068 
451E-9 1.5727 0.12966 
452E-9 1.57408 0.12886 
453E-9 1.57554 0.12833 
454E-9 1.57707 0.12802 
455E-9 1.57873 0.12833 
456E-9 1.58043 0.12893 
457E-9 1.58219 0.12995 
458E-9 1.58398 0.13151 
459E-9 1.58578 0.13333 
460E-9 1.58757 0.13572 
461E-9 1.58934 0.1385 
462E-9 1.59109 0.14155 
463E-9 1.59274 0.14526 
464E-9 1.59435 0.14916 
465E-9 1.59589 0.15337 
466E-9 1.59733 0.15775 
467E-9 1.59872 0.16218 
468E-9 1.59999 0.16659 
469E-9 1.60117 0.17084 
470E-9 1.60227 0.17498 
471E-9 1.6032 0.17865 
472E-9 1.60404 0.18204 
473E-9 1.60477 0.18505 
474E-9 1.60535 0.18748 
475E-9 1.60586 0.18963 
476E-9 1.60626 0.19126 
477E-9 1.60657 0.19243 
478E-9 1.60684 0.19333 
479E-9 1.60702 0.19357 
480E-9 1.60717 0.19348 
481E-9 1.60729 0.19302 
482E-9 1.60737 0.19201 
483E-9 1.60746 0.19079 
484E-9 1.60756 0.18923 
485E-9 1.60769 0.18749 
486E-9 1.60786 0.18566 
487E-9 1.60811 0.18375 
488E-9 1.60844 0.18188 
489E-9 1.60884 0.18006 
490E-9 1.60941 0.17848 
491E-9 1.61005 0.17704 
492E-9 1.61084 0.17587 
493E-9 1.6118 0.17501 
494E-9 1.61286 0.17434 
495E-9 1.61415 0.17409 
496E-9 1.61558 0.17411 
497E-9 1.61715 0.17438 
498E-9 1.619 0.17514 
499E-9 1.62098 0.17614 
500E-9 1.62318 0.17751 
501E-9 1.62562 0.17932 
502E-9 1.62819 0.18135 
503E-9 1.631 0.18379 
504E-9 1.63393 0.18644 
505E-9 1.63696 0.18925 
506E-9 1.64013 0.1923 
507E-9 1.64333 0.19541 
508E-9 1.64659 0.1986 
509E-9 1.64986 0.20182 
510E-9 1.65313 0.20503 
511E-9 1.65637 0.20819 
512E-9 1.65955 0.21127 
513E-9 1.6627 0.21429 
514E-9 1.66572 0.21714 
515E-9 1.66867 0.21992 
516E-9 1.67154 0.2226 
517E-9 1.67424 0.22511 
518E-9 1.67687 0.22753 
519E-9 1.67932 0.22979 
520E-9 1.68161 0.23189 
521E-9 1.68381 0.2339 
522E-9 1.68574 0.23567 
523E-9 1.68757 0.23733 
524E-9 1.68927 0.23885 
525E-9 1.69085 0.24017 
526E-9 1.6924 0.24138 
527E-9 1.69393 0.24243 
528E-9 1.6955 0.24333 
529E-9 1.6971 0.24414 
530E-9 1.69886 0.24475 
531E-9 1.70074 0.24527 
532E-9 1.70275 0.24568 
533E-9 1.70506 0.24592 
534E-9 1.70752 0.24608 
535E-9 1.71025 0.24611 
536E-9 1.71324 0.24599 
537E-9 1.71638 0.24578 
538E-9 1.71982 0.24537 
539E-9 1.72341 0.24484 
540E-9 1.72716 0.24419 
541E-9 1.73118 0.24331 
542E-9 1.7353 0.24233 
543E-9 1.7396 0.24117 
544E-9 1.74408 0.23981 
545E-9 1.74866 0.23833 
546E-9 1.75341 0.23662 
547E-9 1.75826 0.23475 
548E-9 1.76317 0.23276 
549E-9 1.76817 0.23053 
550E-9 1.77318 0.2282 
551E-9 1.77821 0.22572 
552E-9 1.7832 0.22306 
553E-9 1.78816 0.22032 
554E-9 1.79304 0.2174 
555E-9 1.79782 0.21436 
556E-9 1.80254 0.21124 
557E-9 1.80705 0.20793 
558E-9 1.81145 0.20455 
559E-9 1.8157 0.20106 
560E-9 1.81972 0.19742 
561E-9 1.82363 0.19372 
562E-9 1.82731 0.18989 
563E-9 1.83079 0.18596 
564E-9 1.83416 0.18196 
565E-9 1.83722 0.17781 
566E-9 1.84013 0.17359 
567E-9 1.84287 0.16929 
568E-9 1.84531 0.16487 
569E-9 1.84762 0.16038 
570E-9 1.84967 0.15579 
571E-9 1.85148 0.1511 
572E-9 1.85315 0.14636 
573E-9 1.8545 0.14152 
574E-9 1.85569 0.13665 
575E-9 1.85672 0.13174 
576E-9 1.85747 0.1268 
577E-9 1.85809 0.12185 
578E-9 1.85851 0.11691 
579E-9 1.85873 0.112 
580E-9 1.85883 0.1071 
581E-9 1.8587 0.10227 
582E-9 1.85843 0.09749 
583E-9 1.85804 0.09277 
584E-9 1.85742 0.08817 
585E-9 1.8567 0.08364 
586E-9 1.85583 0.07921 
587E-9 1.85479 0.07491 
588E-9 1.85366 0.07069 
589E-9 1.85235 0.06662 
590E-9 1.85094 0.06267 
591E-9 1.84944 0.0588 
592E-9 1.84775 0.05513 
593E-9 1.84599 0.05155 
594E-9 1.84413 0.04811 
595E-9 1.84214 0.04485 
596E-9 1.84008 0.04168 
597E-9 1.8379 0.0387 
598E-9 1.83564 0.03588 
599E-9 1.83331 0.03316 
600E-9 1.83086 0.03069 
601E-9 1.82837 0.02832 
602E-9 1.82581 0.02608 
603E-9 1.82318 0.02403 
604E-9 1.82053 0.02206 
605E-9 1.81783 0.02025 
606E-9 1.8151 0.01856 
607E-9 1.81236 0.01695 
608E-9 1.8096 0.0155 
609E-9 1.80684 0.01412 
610E-9 1.80408 0.01283 
611E-9 1.80135 0.01166 
612E-9 1.79863 0.01055 
613E-9 1.79595 0.00953 
614E-9 1.79331 0.0086 
615E-9 1.79069 0.00771 
616E-9 1.78815 0.00692 
617E-9 1.78564 0.00618 
618E-9 1.78317 0.00548 
619E-9 1.78079 0.00487 
620E-9 1.77844 0.0043 
621E-9 1.77615 0.00378 
622E-9 1.77393 0.00332 
623E-9 1.77176 0.00289 
624E-9 1.76967 0.00251 
625E-9 1.76764 0.00217 
626E-9 1.76565 0.00185 
627E-9 1.76378 0.00159 
628E-9 1.76196 0.00134 
629E-9 1.7602 0.00113 
630E-9 1.75855 9.40957E-4 
631E-9 1.75694 7.70931E-4 
632E-9 1.75542 6.26848E-4 
633E-9 1.75396 5.02714E-4 
634E-9 1.75254 3.91023E-4 
635E-9 1.75121 3.04817E-4 
636E-9 1.7499 2.29224E-4 
637E-9 1.74864 1.65669E-4 
638E-9 1.74743 1.19264E-4 
639E-9 1.74625 7.95965E-5 
640E-9 1.7451 5.06473E-5 
641E-9 1.74397 3.0525E-5 
642E-9 1.74286 1.51518E-5 
643E-9 1.74178 7.59959E-6 
644E-9 1.7407 2.68234E-6 
645E-9 1.73963 1.64727E-7 
646E-9 1.73857 0 
647E-9 1.7375 0 
648E-9 1.73644 0 
649E-9 1.73537 0 
650E-9 1.73431 0 
651E-9 1.73325 0 
652E-9 1.73218 0 
653E-9 1.73112 0 
654E-9 1.73006 0 
655E-9 1.72901 0 
656E-9 1.72795 0 
657E-9 1.7269 0 
658E-9 1.72585 0 
659E-9 1.72481 0 
660E-9 1.72377 0 
661E-9 1.72273 0 
662E-9 1.7217 0 
663E-9 1.72067 0 
664E-9 1.71965 0 
665E-9 1.71864 0 
666E-9 1.71763 0 
667E-9 1.71662 0 
668E-9 1.71562 0 
669E-9 1.71463 0 
670E-9 1.71364 0 
671E-9 1.71266 0 
672E-9 1.71168 0 
673E-9 1.7107 0 
674E-9 1.70973 0 
675E-9 1.70877 0 
676E-9 1.70781 0 
677E-9 1.70685 0 
678E-9 1.7059 0 
679E-9 1.70495 0 
680E-9 1.704 0 
681E-9 1.70306 0 
682E-9 1.70213 0 
683E-9 1.7012 0 
684E-9 1.70027 0 
685E-9 1.69936 0 
686E-9 1.69845 0 
687E-9 1.69757 0 
688E-9 1.6967 0 
689E-9 1.69585 0 
690E-9 1.69503 0 
691E-9 1.69423 0 
692E-9 1.69348 0 
693E-9 1.69274 0 
694E-9 1.69205 0 
695E-9 1.6914 0 
696E-9 1.69078 0 
697E-9 1.69021 0 
698E-9 1.68969 0 
699E-9 1.68921 0 
700E-9 1.6888 0 
701E-9 1.68842 0 
702E-9 1.68811 0 
703E-9 1.68786 0 
704E-9 1.68765 0 
705E-9 1.6875 0 
706E-9 1.68739 0 
707E-9 1.68731 0 
708E-9 1.68729 0 
709E-9 1.6873 0 
710E-9 1.68732 0 
711E-9 1.68739 0 
712E-9 1.68747 0 
713E-9 1.68757 0 
714E-9 1.68769 0 
715E-9 1.68781 0 
716E-9 1.68795 0 
717E-9 1.68809 0 
718E-9 1.68823 0 
719E-9 1.68837 0 
720E-9 1.68851 0 
721E-9 1.68864 0 
722E-9 1.68875 0 
723E-9 1.68886 0 
724E-9 1.68894 0 
725E-9 1.68901 0 
726E-9 1.68907 0 
727E-9 1.6891 0 
728E-9 1.68912 0 
729E-9 1.68913 0 
730E-9 1.6891 0 
731E-9 1.68907 0 
732E-9 1.68901 0 
733E-9 1.68893 0 
734E-9 1.68884 0 
735E-9 1.68871 0 
736E-9 1.68857 0 
737E-9 1.68842 0 
738E-9 1.68823 0 
739E-9 1.68802 0 
740E-9 1.68779 0 
741E-9 1.68754 0 
742E-9 1.68727 0 
743E-9 1.68696 0 
744E-9 1.68664 0 
745E-9 1.68629 0 
746E-9 1.68591 0 
747E-9 1.68552 0 
748E-9 1.6851 0 
749E-9 1.68466 0 
750E-9 1.6842 0 
751E-9 1.68373 0 
752E-9 1.68323 0 
753E-9 1.68273 0 
754E-9 1.6822 0 
755E-9 1.68166 0 
756E-9 1.68112 0 
757E-9 1.68055 0 
758E-9 1.67998 0 
759E-9 1.6794 0 
760E-9 1.67882 0 
761E-9 1.67822 0 
762E-9 1.67762 0 
763E-9 1.67702 0 
764E-9 1.67641 0 
765E-9 1.67579 0 
766E-9 1.67518 0 
767E-9 1.67457 0 
768E-9 1.67395 0 
769E-9 1.67334 0 
770E-9 1.67273 0 
771E-9 1.67212 0 
772E-9 1.67151 0 
773E-9 1.67091 0 
774E-9 1.67032 0 
775E-9 1.66973 0 
776E-9 1.66915 0 
777E-9 1.66858 0 
778E-9 1.66802 0 
779E-9 1.66747 0 
780E-9 1.66693 0 
781E-9 1.66641 0 
782E-9 1.6659 0 
783E-9 1.6654 0 
784E-9 1.66492 0 
785E-9 1.66445 0 
786E-9 1.664 0 
787E-9 1.66357 0 
788E-9 1.66316 0 
789E-9 1.66276 0 
790E-9 1.66239 0 
791E-9 1.66203 0 
792E-9 1.6617 0 
793E-9 1.66139 0 
794E-9 1.6611 0 
795E-9 1.66084 0 
796E-9 1.66059 0 
797E-9 1.66036 0 
798E-9 1.66015 0 
799E-9 1.65995 0 
800E-9 1.65977 0 
