lambda n k
300E-9 1.43138 0.32976 
301E-9 1.43503 0.32975 
302E-9 1.43869 0.32973 
303E-9 1.44235 0.32972 
304E-9 1.446 0.32971 
305E-9 1.44966 0.3297 
306E-9 1.45332 0.32969 
307E-9 1.45697 0.32968 
308E-9 1.46063 0.32966 
309E-9 1.46429 0.32965 
310E-9 1.46794 0.32964 
311E-9 1.4716 0.32963 
312E-9 1.47526 0.32962 
313E-9 1.47891 0.3296 
314E-9 1.48257 0.32959 
315E-9 1.48623 0.32958 
316E-9 1.48988 0.32957 
317E-9 1.49354 0.32956 
318E-9 1.4972 0.32955 
319E-9 1.50085 0.32953 
320E-9 1.50451 0.32952 
321E-9 1.50817 0.32951 
322E-9 1.51182 0.3295 
323E-9 1.51548 0.32949 
324E-9 1.51914 0.32948 
325E-9 1.52279 0.32946 
326E-9 1.52645 0.32945 
327E-9 1.53011 0.32944 
328E-9 1.53376 0.32943 
329E-9 1.53742 0.32942 
330E-9 1.54108 0.3294 
331E-9 1.54473 0.32939 
332E-9 1.54839 0.32938 
333E-9 1.55205 0.32937 
334E-9 1.5557 0.32936 
335E-9 1.55936 0.32935 
336E-9 1.56302 0.32933 
337E-9 1.56667 0.32932 
338E-9 1.57033 0.32931 
339E-9 1.57399 0.3293 
340E-9 1.57764 0.32929 
341E-9 1.5813 0.32928 
342E-9 1.58496 0.32926 
343E-9 1.58861 0.32925 
344E-9 1.59227 0.32924 
345E-9 1.59593 0.32923 
346E-9 1.59958 0.32922 
347E-9 1.60324 0.3292 
348E-9 1.6069 0.32919 
349E-9 1.61055 0.32918 
350E-9 1.61421 0.32917 
351E-9 1.61816 0.29237 
352E-9 1.62172 0.29639 
353E-9 1.62528 0.3004 
354E-9 1.62884 0.30442 
355E-9 1.6324 0.30844 
356E-9 1.63596 0.31245 
357E-9 1.63952 0.31647 
358E-9 1.64308 0.32048 
359E-9 1.64664 0.3245 
360E-9 1.6502 0.32852 
361E-9 1.65587 0.33094 
362E-9 1.6616 0.33332 
363E-9 1.66732 0.33571 
364E-9 1.67305 0.33809 
365E-9 1.67877 0.34047 
366E-9 1.68449 0.34286 
367E-9 1.69022 0.34524 
368E-9 1.69594 0.34763 
369E-9 1.70166 0.35001 
370E-9 1.70739 0.35239 
371E-9 1.71456 0.35212 
372E-9 1.72176 0.35178 
373E-9 1.72897 0.35145 
374E-9 1.73617 0.35111 
375E-9 1.74338 0.35077 
376E-9 1.75058 0.35043 
377E-9 1.75779 0.35009 
378E-9 1.76499 0.34975 
379E-9 1.7722 0.34941 
380E-9 1.7794 0.34908 
381E-9 1.7867 0.34528 
382E-9 1.794 0.34139 
383E-9 1.80131 0.33751 
384E-9 1.80861 0.33362 
385E-9 1.81591 0.32973 
386E-9 1.82321 0.32584 
387E-9 1.83051 0.32196 
388E-9 1.83781 0.31807 
389E-9 1.84511 0.31418 
390E-9 1.85241 0.31029 
391E-9 1.85781 0.30291 
392E-9 1.86315 0.29544 
393E-9 1.86849 0.28796 
394E-9 1.87384 0.28049 
395E-9 1.87918 0.27301 
396E-9 1.88452 0.26554 
397E-9 1.88987 0.25806 
398E-9 1.89521 0.25059 
399E-9 1.90055 0.24311 
400E-9 1.90589 0.23564 
401E-9 1.90719 0.22611 
402E-9 1.90837 0.21653 
403E-9 1.90955 0.20695 
404E-9 1.91073 0.19736 
405E-9 1.91191 0.18778 
406E-9 1.91309 0.17819 
407E-9 1.91427 0.16861 
408E-9 1.91545 0.15903 
409E-9 1.91663 0.14944 
410E-9 1.91782 0.13986 
411E-9 1.91419 0.13138 
412E-9 1.91043 0.12294 
413E-9 1.90668 0.11449 
414E-9 1.90292 0.10605 
415E-9 1.89916 0.0976 
416E-9 1.8954 0.08916 
417E-9 1.89164 0.08071 
418E-9 1.88788 0.07227 
419E-9 1.88412 0.06383 
420E-9 1.88037 0.05538 
421E-9 1.87403 0.05098 
422E-9 1.86762 0.04669 
423E-9 1.86121 0.04241 
424E-9 1.8548 0.03812 
425E-9 1.8484 0.03384 
426E-9 1.84199 0.02956 
427E-9 1.83558 0.02527 
428E-9 1.82917 0.02099 
429E-9 1.82276 0.0167 
430E-9 1.81635 0.01242 
431E-9 1.81089 0.012 
432E-9 1.80546 0.0117 
433E-9 1.80003 0.01139 
434E-9 1.7946 0.01109 
435E-9 1.78917 0.01079 
436E-9 1.78374 0.01049 
437E-9 1.77831 0.01018 
438E-9 1.77288 0.00988 
439E-9 1.76744 0.00958 
440E-9 1.76201 0.00928 
441E-9 1.75896 0.01045 
442E-9 1.75598 0.01167 
443E-9 1.75301 0.01289 
444E-9 1.75003 0.01411 
445E-9 1.74705 0.01533 
446E-9 1.74407 0.01656 
447E-9 1.74109 0.01778 
448E-9 1.73812 0.019 
449E-9 1.73514 0.02022 
450E-9 1.73216 0.02144 
451E-9 1.73088 0.02242 
452E-9 1.72966 0.0234 
453E-9 1.72844 0.02438 
454E-9 1.72722 0.02536 
455E-9 1.72599 0.02634 
456E-9 1.72477 0.02732 
457E-9 1.72355 0.02829 
458E-9 1.72232 0.02927 
459E-9 1.7211 0.03025 
460E-9 1.71988 0.03123 
461E-9 1.71936 0.03156 
462E-9 1.71887 0.03188 
463E-9 1.71837 0.03219 
464E-9 1.71788 0.0325 
465E-9 1.71739 0.03282 
466E-9 1.71689 0.03313 
467E-9 1.7164 0.03344 
468E-9 1.71591 0.03376 
469E-9 1.71541 0.03407 
470E-9 1.71492 0.03438 
471E-9 1.71456 0.03422 
472E-9 1.71422 0.03404 
473E-9 1.71387 0.03387 
474E-9 1.71352 0.03369 
475E-9 1.71317 0.03351 
476E-9 1.71282 0.03333 
477E-9 1.71247 0.03316 
478E-9 1.71213 0.03298 
479E-9 1.71178 0.0328 
480E-9 1.71143 0.03262 
481E-9 1.71102 0.03222 
482E-9 1.7106 0.0318 
483E-9 1.71019 0.03138 
484E-9 1.70978 0.03096 
485E-9 1.70936 0.03055 
486E-9 1.70895 0.03013 
487E-9 1.70853 0.02971 
488E-9 1.70812 0.0293 
489E-9 1.70771 0.02888 
490E-9 1.70729 0.02846 
491E-9 1.70678 0.02798 
492E-9 1.70627 0.0275 
493E-9 1.70576 0.02702 
494E-9 1.70525 0.02654 
495E-9 1.70474 0.02605 
496E-9 1.70423 0.02557 
497E-9 1.70372 0.02509 
498E-9 1.70321 0.02461 
499E-9 1.70269 0.02413 
500E-9 1.70218 0.02364 
501E-9 1.70161 0.02319 
502E-9 1.70103 0.02274 
503E-9 1.70045 0.02228 
504E-9 1.69987 0.02183 
505E-9 1.69929 0.02138 
506E-9 1.69871 0.02093 
507E-9 1.69813 0.02047 
508E-9 1.69755 0.02002 
509E-9 1.69697 0.01957 
510E-9 1.69639 0.01911 
511E-9 1.69578 0.01873 
512E-9 1.69517 0.01834 
513E-9 1.69457 0.01796 
514E-9 1.69396 0.01757 
515E-9 1.69335 0.01719 
516E-9 1.69274 0.01681 
517E-9 1.69213 0.01642 
518E-9 1.69153 0.01604 
519E-9 1.69092 0.01565 
520E-9 1.69031 0.01527 
521E-9 1.68971 0.01496 
522E-9 1.6891 0.01465 
523E-9 1.6885 0.01435 
524E-9 1.6879 0.01404 
525E-9 1.68729 0.01373 
526E-9 1.68669 0.01343 
527E-9 1.68609 0.01312 
528E-9 1.68548 0.01281 
529E-9 1.68488 0.01251 
530E-9 1.68427 0.0122 
531E-9 1.6837 0.01196 
532E-9 1.68312 0.01173 
533E-9 1.68254 0.0115 
534E-9 1.68196 0.01126 
535E-9 1.68139 0.01103 
536E-9 1.68081 0.0108 
537E-9 1.68023 0.01056 
538E-9 1.67966 0.01033 
539E-9 1.67908 0.01009 
540E-9 1.6785 0.00986 
541E-9 1.67796 0.00969 
542E-9 1.67742 0.00951 
543E-9 1.67688 0.00934 
544E-9 1.67635 0.00917 
545E-9 1.67581 0.009 
546E-9 1.67527 0.00883 
547E-9 1.67473 0.00866 
548E-9 1.67419 0.00848 
549E-9 1.67365 0.00831 
550E-9 1.67312 0.00814 
551E-9 1.67262 0.00802 
552E-9 1.67213 0.00789 
553E-9 1.67163 0.00777 
554E-9 1.67114 0.00765 
555E-9 1.67064 0.00753 
556E-9 1.67015 0.00741 
557E-9 1.66966 0.00729 
558E-9 1.66916 0.00716 
559E-9 1.66867 0.00704 
560E-9 1.66817 0.00692 
561E-9 1.66772 0.00684 
562E-9 1.66728 0.00675 
563E-9 1.66683 0.00667 
564E-9 1.66638 0.00659 
565E-9 1.66593 0.0065 
566E-9 1.66548 0.00642 
567E-9 1.66504 0.00634 
568E-9 1.66459 0.00625 
569E-9 1.66414 0.00617 
570E-9 1.66369 0.00609 
571E-9 1.66329 0.00603 
572E-9 1.66288 0.00598 
573E-9 1.66248 0.00593 
574E-9 1.66208 0.00587 
575E-9 1.66167 0.00582 
576E-9 1.66127 0.00576 
577E-9 1.66086 0.00571 
578E-9 1.66046 0.00566 
579E-9 1.66006 0.0056 
580E-9 1.65965 0.00555 
581E-9 1.65929 0.00552 
582E-9 1.65893 0.00549 
583E-9 1.65856 0.00545 
584E-9 1.6582 0.00542 
585E-9 1.65784 0.00539 
586E-9 1.65748 0.00536 
587E-9 1.65711 0.00533 
588E-9 1.65675 0.0053 
589E-9 1.65639 0.00526 
590E-9 1.65603 0.00523 
591E-9 1.6557 0.00522 
592E-9 1.65538 0.0052 
593E-9 1.65505 0.00519 
594E-9 1.65473 0.00517 
595E-9 1.6544 0.00516 
596E-9 1.65408 0.00514 
597E-9 1.65375 0.00512 
598E-9 1.65343 0.00511 
599E-9 1.6531 0.00509 
600E-9 1.65278 0.00508 
601E-9 1.65248 0.00507 
602E-9 1.65219 0.00507 
603E-9 1.6519 0.00507 
604E-9 1.65161 0.00506 
605E-9 1.65132 0.00506 
606E-9 1.65103 0.00505 
607E-9 1.65073 0.00505 
608E-9 1.65044 0.00505 
609E-9 1.65015 0.00504 
610E-9 1.64986 0.00504 
611E-9 1.6496 0.00504 
612E-9 1.64934 0.00505 
613E-9 1.64908 0.00505 
614E-9 1.64881 0.00506 
615E-9 1.64855 0.00506 
616E-9 1.64829 0.00507 
617E-9 1.64803 0.00507 
618E-9 1.64777 0.00507 
619E-9 1.64751 0.00508 
620E-9 1.64725 0.00508 
621E-9 1.64701 0.00509 
622E-9 1.64677 0.0051 
623E-9 1.64654 0.00511 
624E-9 1.6463 0.00512 
625E-9 1.64607 0.00513 
626E-9 1.64583 0.00514 
627E-9 1.6456 0.00515 
628E-9 1.64536 0.00516 
629E-9 1.64513 0.00517 
630E-9 1.6449 0.00518 
631E-9 1.64468 0.0052 
632E-9 1.64447 0.00521 
633E-9 1.64426 0.00523 
634E-9 1.64405 0.00524 
635E-9 1.64383 0.00525 
636E-9 1.64362 0.00527 
637E-9 1.64341 0.00528 
638E-9 1.6432 0.0053 
639E-9 1.64299 0.00531 
640E-9 1.64278 0.00533 
641E-9 1.64258 0.00534 
642E-9 1.64239 0.00536 
643E-9 1.6422 0.00538 
644E-9 1.64201 0.00539 
645E-9 1.64182 0.00541 
646E-9 1.64162 0.00543 
647E-9 1.64143 0.00544 
648E-9 1.64124 0.00546 
649E-9 1.64105 0.00548 
650E-9 1.64086 0.00549 
651E-9 1.64068 0.00551 
652E-9 1.64051 0.00553 
653E-9 1.64033 0.00555 
654E-9 1.64016 0.00557 
655E-9 1.63998 0.00558 
656E-9 1.63981 0.0056 
657E-9 1.63964 0.00562 
658E-9 1.63946 0.00564 
659E-9 1.63929 0.00566 
660E-9 1.63911 0.00568 
661E-9 1.63895 0.0057 
662E-9 1.6388 0.00571 
663E-9 1.63864 0.00573 
664E-9 1.63848 0.00575 
665E-9 1.63832 0.00577 
666E-9 1.63816 0.00579 
667E-9 1.638 0.00581 
668E-9 1.63784 0.00583 
669E-9 1.63768 0.00585 
670E-9 1.63753 0.00587 
671E-9 1.63738 0.00589 
672E-9 1.63723 0.00591 
673E-9 1.63709 0.00593 
674E-9 1.63694 0.00595 
675E-9 1.6368 0.00597 
676E-9 1.63665 0.00599 
677E-9 1.63651 0.00601 
678E-9 1.63636 0.00603 
679E-9 1.63622 0.00605 
680E-9 1.63607 0.00607 
681E-9 1.63594 0.00609 
682E-9 1.6358 0.00611 
683E-9 1.63567 0.00613 
684E-9 1.63553 0.00615 
685E-9 1.6354 0.00617 
686E-9 1.63527 0.00619 
687E-9 1.63513 0.00621 
688E-9 1.635 0.00623 
689E-9 1.63487 0.00625 
690E-9 1.63473 0.00627 
691E-9 1.63461 0.00629 
692E-9 1.63448 0.00631 
693E-9 1.63436 0.00633 
694E-9 1.63424 0.00635 
695E-9 1.63411 0.00637 
696E-9 1.63399 0.00639 
697E-9 1.63387 0.00641 
698E-9 1.63374 0.00643 
699E-9 1.63362 0.00645 
700E-9 1.6335 0.00647 
701E-9 1.63338 0.00649 
702E-9 1.63327 0.00651 
703E-9 1.63315 0.00653 
704E-9 1.63304 0.00655 
705E-9 1.63292 0.00657 
706E-9 1.63281 0.00659 
707E-9 1.63269 0.00661 
708E-9 1.63258 0.00663 
709E-9 1.63246 0.00665 
710E-9 1.63235 0.00667 
711E-9 1.63224 0.00669 
712E-9 1.63213 0.00671 
713E-9 1.63203 0.00673 
714E-9 1.63192 0.00675 
715E-9 1.63181 0.00677 
716E-9 1.6317 0.00679 
717E-9 1.6316 0.00681 
718E-9 1.63149 0.00683 
719E-9 1.63138 0.00685 
720E-9 1.63128 0.00687 
721E-9 1.63118 0.00688 
722E-9 1.63107 0.0069 
723E-9 1.63097 0.00692 
724E-9 1.63087 0.00694 
725E-9 1.63077 0.00696 
726E-9 1.63067 0.00698 
727E-9 1.63057 0.007 
728E-9 1.63047 0.00702 
729E-9 1.63037 0.00704 
730E-9 1.63027 0.00706 
731E-9 1.63018 0.00708 
732E-9 1.63008 0.0071 
733E-9 1.62999 0.00712 
734E-9 1.62989 0.00714 
735E-9 1.6298 0.00716 
736E-9 1.6297 0.00718 
737E-9 1.62961 0.0072 
738E-9 1.62951 0.00722 
739E-9 1.62942 0.00724 
740E-9 1.62932 0.00726 
741E-9 1.62923 0.00728 
742E-9 1.62914 0.0073 
743E-9 1.62905 0.00731 
744E-9 1.62896 0.00733 
745E-9 1.62888 0.00735 
746E-9 1.62879 0.00737 
747E-9 1.6287 0.00739 
748E-9 1.62861 0.00741 
749E-9 1.62852 0.00743 
750E-9 1.62843 0.00745 
751E-9 1.62834 0.00747 
752E-9 1.62826 0.00749 
753E-9 1.62817 0.00751 
754E-9 1.62808 0.00753 
755E-9 1.628 0.00755 
756E-9 1.62791 0.00757 
757E-9 1.62783 0.00759 
758E-9 1.62774 0.00761 
759E-9 1.62766 0.00762 
760E-9 1.62757 0.00764 
761E-9 1.62749 0.00766 
762E-9 1.62741 0.00768 
763E-9 1.62733 0.0077 
764E-9 1.62725 0.00772 
765E-9 1.62716 0.00774 
766E-9 1.62708 0.00776 
767E-9 1.627 0.00778 
768E-9 1.62692 0.0078 
769E-9 1.62684 0.00782 
770E-9 1.62676 0.00784 
771E-9 1.62668 0.00786 
772E-9 1.6266 0.00788 
773E-9 1.62652 0.0079 
774E-9 1.62644 0.00792 
775E-9 1.62636 0.00794 
776E-9 1.62628 0.00796 
777E-9 1.62621 0.00798 
778E-9 1.62613 0.00799 
779E-9 1.62605 0.00801 
780E-9 1.62597 0.00803 
781E-9 1.62589 0.00805 
782E-9 1.62582 0.00807 
783E-9 1.62574 0.00809 
784E-9 1.62567 0.00811 
785E-9 1.62559 0.00813 
786E-9 1.62552 0.00815 
787E-9 1.62544 0.00817 
788E-9 1.62536 0.00819 
789E-9 1.62529 0.00821 
790E-9 1.62521 0.00823 
791E-9 1.62514 0.00825 
792E-9 1.62506 0.00827 
793E-9 1.62499 0.00829 
794E-9 1.62492 0.00831 
795E-9 1.62484 0.00833 
796E-9 1.62477 0.00835 
797E-9 1.6247 0.00837 
798E-9 1.62462 0.00839 
799E-9 1.62455 0.00841 
800E-9 1.62448 0.00843 
801E-9 1.62441 0.00845 
802E-9 1.62433 0.00847 
803E-9 1.62426 0.00849 
804E-9 1.62419 0.00851 
805E-9 1.62412 0.00853 
806E-9 1.62405 0.00855 
807E-9 1.62398 0.00857 
808E-9 1.6239 0.00859 
809E-9 1.62383 0.00861 
810E-9 1.62376 0.00863 
811E-9 1.62369 0.00865 
812E-9 1.62362 0.00868 
813E-9 1.62355 0.0087 
814E-9 1.62348 0.00872 
815E-9 1.62341 0.00874 
816E-9 1.62334 0.00876 
817E-9 1.62327 0.00878 
818E-9 1.6232 0.0088 
819E-9 1.62313 0.00882 
820E-9 1.62306 0.00884 
821E-9 1.62299 0.00886 
822E-9 1.62292 0.00889 
823E-9 1.62285 0.00891 
824E-9 1.62279 0.00893 
825E-9 1.62272 0.00895 
826E-9 1.62265 0.00897 
827E-9 1.62258 0.00899 
828E-9 1.62251 0.00901 
829E-9 1.62244 0.00903 
830E-9 1.62237 0.00906 
831E-9 1.62231 0.00908 
832E-9 1.62224 0.0091 
833E-9 1.62217 0.00912 
834E-9 1.6221 0.00914 
835E-9 1.62203 0.00917 
836E-9 1.62197 0.00919 
837E-9 1.6219 0.00921 
838E-9 1.62183 0.00923 
839E-9 1.62176 0.00925 
840E-9 1.62169 0.00928 
841E-9 1.62163 0.0093 
842E-9 1.62156 0.00932 
843E-9 1.62149 0.00934 
844E-9 1.62143 0.00937 
845E-9 1.62136 0.00939 
846E-9 1.62129 0.00941 
847E-9 1.62123 0.00944 
848E-9 1.62116 0.00946 
849E-9 1.62109 0.00948 
850E-9 1.62102 0.0095 
851E-9 1.62096 0.00953 
852E-9 1.62089 0.00955 
853E-9 1.62082 0.00957 
854E-9 1.62076 0.0096 
855E-9 1.62069 0.00962 
856E-9 1.62062 0.00964 
857E-9 1.62056 0.00967 
858E-9 1.62049 0.00969 
859E-9 1.62042 0.00972 
860E-9 1.62036 0.00974 
861E-9 1.62029 0.00976 
862E-9 1.62023 0.00979 
863E-9 1.62016 0.00981 
864E-9 1.62009 0.00984 
865E-9 1.62003 0.00986 
866E-9 1.61996 0.00989 
867E-9 1.61989 0.00991 
868E-9 1.61983 0.00993 
869E-9 1.61976 0.00996 
870E-9 1.6197 0.00998 
871E-9 1.61963 0.01001 
872E-9 1.61956 0.01003 
873E-9 1.6195 0.01006 
874E-9 1.61943 0.01009 
875E-9 1.61936 0.01011 
876E-9 1.6193 0.01014 
877E-9 1.61923 0.01016 
878E-9 1.61917 0.01019 
879E-9 1.6191 0.01021 
880E-9 1.61903 0.01024 
881E-9 1.61897 0.01026 
882E-9 1.6189 0.01029 
883E-9 1.61884 0.01032 
884E-9 1.61877 0.01034 
885E-9 1.6187 0.01037 
886E-9 1.61864 0.0104 
887E-9 1.61857 0.01042 
888E-9 1.61851 0.01045 
889E-9 1.61844 0.01048 
890E-9 1.61837 0.0105 
891E-9 1.61831 0.01053 
892E-9 1.61824 0.01056 
893E-9 1.61817 0.01059 
894E-9 1.61811 0.01061 
895E-9 1.61804 0.01064 
896E-9 1.61797 0.01067 
897E-9 1.61791 0.0107 
898E-9 1.61784 0.01073 
899E-9 1.61778 0.01075 
900E-9 1.61771 0.01078 
