lambda n k
350E-9 1.4594 0 
351E-9 1.4593 0 
352E-9 1.4592 0 
353E-9 1.4591 0 
354E-9 1.459 0 
355E-9 1.4589 0 
356E-9 1.4589 0 
357E-9 1.4589 0 
358E-9 1.4588 0 
359E-9 1.4588 0 
360E-9 1.4587 0 
361E-9 1.4587 0 
362E-9 1.4586 0 
363E-9 1.4586 0 
364E-9 1.4586 0 
365E-9 1.4585 0 
366E-9 1.4584 0 
367E-9 1.4583 0 
368E-9 1.4583 0 
369E-9 1.4582 0 
370E-9 1.4581 0 
371E-9 1.4581 0 
372E-9 1.458 0 
373E-9 1.458 0 
374E-9 1.4579 0 
375E-9 1.4579 0 
376E-9 1.4578 0 
377E-9 1.4578 0 
378E-9 1.4578 0 
379E-9 1.4577 0 
380E-9 1.4577 0 
381E-9 1.4576 0 
382E-9 1.4576 0 
383E-9 1.4575 0 
384E-9 1.4574 0 
385E-9 1.4574 0 
386E-9 1.4573 0 
387E-9 1.4573 0 
388E-9 1.4573 0 
389E-9 1.4573 0 
390E-9 1.4573 0 
391E-9 1.4572 0 
392E-9 1.4572 0 
393E-9 1.4571 0 
394E-9 1.457 0 
395E-9 1.457 0 
396E-9 1.4569 0 
397E-9 1.4568 0 
398E-9 1.4568 0 
399E-9 1.4568 0 
400E-9 1.4567 0 
401E-9 1.4567 0 
402E-9 1.4567 0 
403E-9 1.4566 0 
404E-9 1.4566 0 
405E-9 1.4565 0 
406E-9 1.4565 0 
407E-9 1.4565 0 
408E-9 1.4564 0 
409E-9 1.4564 0 
410E-9 1.4563 0 
411E-9 1.4563 0 
412E-9 1.4562 0 
413E-9 1.4562 0 
414E-9 1.4561 0 
415E-9 1.4561 0 
416E-9 1.456 0 
417E-9 1.456 0 
418E-9 1.456 0 
419E-9 1.456 0 
420E-9 1.456 0 
421E-9 1.4559 0 
422E-9 1.4558 0 
423E-9 1.4558 0 
424E-9 1.4557 0 
425E-9 1.4556 0 
426E-9 1.4555 0 
427E-9 1.4555 0 
428E-9 1.4555 0 
429E-9 1.4555 0 
430E-9 1.4555 0 
431E-9 1.4555 0 
432E-9 1.4555 0 
433E-9 1.4555 0 
434E-9 1.4554 0 
435E-9 1.4554 0 
436E-9 1.4553 0 
437E-9 1.4553 0 
438E-9 1.4552 0 
439E-9 1.4551 0 
440E-9 1.4551 0 
441E-9 1.4551 0 
442E-9 1.4551 0 
443E-9 1.4551 0 
444E-9 1.4551 0 
445E-9 1.4551 0 
446E-9 1.455 0 
447E-9 1.455 0 
448E-9 1.4549 0 
449E-9 1.4548 0 
450E-9 1.4548 0 
451E-9 1.4547 0 
452E-9 1.4546 0 
453E-9 1.4546 0 
454E-9 1.4546 0 
455E-9 1.4546 0 
456E-9 1.4546 0 
457E-9 1.4546 0 
458E-9 1.4546 0 
459E-9 1.4546 0 
460E-9 1.4545 0 
461E-9 1.4545 0 
462E-9 1.4544 0 
463E-9 1.4543 0 
464E-9 1.4543 0 
465E-9 1.4542 0 
466E-9 1.4542 0 
467E-9 1.4542 0 
468E-9 1.4542 0 
469E-9 1.4542 0 
470E-9 1.4542 0 
471E-9 1.4542 0 
472E-9 1.4542 0 
473E-9 1.4541 0 
474E-9 1.4541 0 
475E-9 1.454 0 
476E-9 1.454 0 
477E-9 1.4539 0 
478E-9 1.4539 0 
479E-9 1.4538 0 
480E-9 1.4538 0 
481E-9 1.4538 0 
482E-9 1.4538 0 
483E-9 1.4538 0 
484E-9 1.4538 0 
485E-9 1.4538 0 
486E-9 1.4538 0 
487E-9 1.4537 0 
488E-9 1.4537 0 
489E-9 1.4536 0 
490E-9 1.4536 0 
491E-9 1.4536 0 
492E-9 1.4535 0 
493E-9 1.4535 0 
494E-9 1.4535 0 
495E-9 1.4534 0 
496E-9 1.4534 0 
497E-9 1.4534 0 
498E-9 1.4534 0 
499E-9 1.4534 0 
500E-9 1.4533 0 
501E-9 1.4533 0 
502E-9 1.4533 0 
503E-9 1.4533 0 
504E-9 1.4532 0 
505E-9 1.4532 0 
506E-9 1.4532 0 
507E-9 1.4531 0 
508E-9 1.4531 0 
509E-9 1.4531 0 
510E-9 1.4531 0 
511E-9 1.453 0 
512E-9 1.453 0 
513E-9 1.453 0 
514E-9 1.4529 0 
515E-9 1.4529 0 
516E-9 1.4529 0 
517E-9 1.4529 0 
518E-9 1.4529 0 
519E-9 1.4529 0 
520E-9 1.4529 0 
521E-9 1.4529 0 
522E-9 1.4529 0 
523E-9 1.4529 0 
524E-9 1.4528 0 
525E-9 1.4528 0 
526E-9 1.4527 0 
527E-9 1.4526 0 
528E-9 1.4526 0 
529E-9 1.4525 0 
530E-9 1.4525 0 
531E-9 1.4525 0 
532E-9 1.4525 0 
533E-9 1.4525 0 
534E-9 1.4525 0 
535E-9 1.4525 0 
536E-9 1.4525 0 
537E-9 1.4525 0 
538E-9 1.4525 0 
539E-9 1.4524 0 
540E-9 1.4524 0 
541E-9 1.4523 0 
542E-9 1.4523 0 
543E-9 1.4522 0 
544E-9 1.4522 0 
545E-9 1.4521 0 
546E-9 1.4521 0 
547E-9 1.4521 0 
548E-9 1.4521 0 
549E-9 1.4521 0 
550E-9 1.4521 0 
551E-9 1.4521 0 
552E-9 1.4521 0 
553E-9 1.4521 0 
554E-9 1.452 0 
555E-9 1.452 0 
556E-9 1.452 0 
557E-9 1.452 0 
558E-9 1.452 0 
559E-9 1.452 0 
560E-9 1.452 0 
561E-9 1.452 0 
562E-9 1.452 0 
563E-9 1.4519 0 
564E-9 1.4519 0 
565E-9 1.4518 0 
566E-9 1.4518 0 
567E-9 1.4518 0 
568E-9 1.4517 0 
569E-9 1.4517 0 
570E-9 1.4516 0 
571E-9 1.4516 0 
572E-9 1.4516 0 
573E-9 1.4516 0 
574E-9 1.4516 0 
575E-9 1.4516 0 
576E-9 1.4516 0 
577E-9 1.4516 0 
578E-9 1.4516 0 
579E-9 1.4516 0 
580E-9 1.4516 0 
581E-9 1.4515 0 
582E-9 1.4515 0 
583E-9 1.4515 0 
584E-9 1.4514 0 
585E-9 1.4514 0 
586E-9 1.4514 0 
587E-9 1.4513 0 
588E-9 1.4513 0 
589E-9 1.4513 0 
590E-9 1.4513 0 
591E-9 1.4513 0 
592E-9 1.4512 0 
593E-9 1.4512 0 
594E-9 1.4512 0 
595E-9 1.4512 0 
596E-9 1.4512 0 
597E-9 1.4512 0 
598E-9 1.4511 0 
599E-9 1.4511 0 
600E-9 1.4511 0 
601E-9 1.4511 0 
602E-9 1.451 0 
603E-9 1.451 0 
604E-9 1.451 0 
605E-9 1.451 0 
606E-9 1.4509 0 
607E-9 1.4509 0 
608E-9 1.4509 0 
609E-9 1.4509 0 
610E-9 1.4508 0 
611E-9 1.4508 0 
612E-9 1.4508 0 
613E-9 1.4508 0 
614E-9 1.4508 0 
615E-9 1.4508 0 
616E-9 1.4508 0 
617E-9 1.4508 0 
618E-9 1.4508 0 
619E-9 1.4508 0 
620E-9 1.4508 0 
621E-9 1.4508 0 
622E-9 1.4508 0 
623E-9 1.4507 0 
624E-9 1.4507 0 
625E-9 1.4506 0 
626E-9 1.4506 0 
627E-9 1.4505 0 
628E-9 1.4505 0 
629E-9 1.4505 0 
630E-9 1.4504 0 
631E-9 1.4504 0 
632E-9 1.4503 0 
633E-9 1.4503 0 
634E-9 1.4503 0 
635E-9 1.4503 0 
636E-9 1.4503 0 
637E-9 1.4503 0 
638E-9 1.4503 0 
639E-9 1.4503 0 
640E-9 1.4503 0 
641E-9 1.4503 0 
642E-9 1.4503 0 
643E-9 1.4503 0 
644E-9 1.4503 0 
645E-9 1.4502 0 
646E-9 1.4502 0 
647E-9 1.4502 0 
648E-9 1.4502 0 
649E-9 1.4501 0 
650E-9 1.4501 0 
651E-9 1.4501 0 
652E-9 1.4501 0 
653E-9 1.4501 0 
654E-9 1.45 0 
655E-9 1.45 0 
656E-9 1.45 0 
657E-9 1.45 0 
658E-9 1.4499 0 
659E-9 1.4499 0 
660E-9 1.4499 0 
661E-9 1.4499 0 
662E-9 1.4499 0 
663E-9 1.4499 0 
664E-9 1.4499 0 
665E-9 1.4499 0 
666E-9 1.4499 0 
667E-9 1.4498 0 
668E-9 1.4498 0 
669E-9 1.4498 0 
670E-9 1.4498 0 
671E-9 1.4498 0 
672E-9 1.4498 0 
673E-9 1.4497 0 
674E-9 1.4497 0 
675E-9 1.4496 0 
676E-9 1.4496 0 
677E-9 1.4496 0 
678E-9 1.4495 0 
679E-9 1.4495 0 
680E-9 1.4495 0 
681E-9 1.4495 0 
682E-9 1.4495 0 
683E-9 1.4495 0 
684E-9 1.4495 0 
685E-9 1.4495 0 
686E-9 1.4495 0 
687E-9 1.4495 0 
688E-9 1.4495 0 
689E-9 1.4495 0 
690E-9 1.4495 0 
691E-9 1.4494 0 
692E-9 1.4494 0 
693E-9 1.4494 0 
694E-9 1.4494 0 
695E-9 1.4493 0 
696E-9 1.4493 0 
697E-9 1.4493 0 
698E-9 1.4492 0 
699E-9 1.4492 0 
700E-9 1.4492 0 
701E-9 1.4492 0 
702E-9 1.4492 0 
703E-9 1.4491 0 
704E-9 1.4491 0 
705E-9 1.4491 0 
706E-9 1.4491 0 
707E-9 1.4491 0 
708E-9 1.4491 0 
709E-9 1.4491 0 
710E-9 1.449 0 
711E-9 1.449 0 
712E-9 1.449 0 
713E-9 1.449 0 
714E-9 1.449 0 
715E-9 1.4489 0 
716E-9 1.4489 0 
717E-9 1.4489 0 
718E-9 1.4489 0 
719E-9 1.4489 0 
720E-9 1.4488 0 
721E-9 1.4488 0 
722E-9 1.4488 0 
723E-9 1.4488 0 
724E-9 1.4488 0 
725E-9 1.4487 0 
726E-9 1.4487 0 
727E-9 1.4487 0 
728E-9 1.4487 0 
729E-9 1.4487 0 
730E-9 1.4486 0 
731E-9 1.4486 0 
732E-9 1.4486 0 
733E-9 1.4486 0 
734E-9 1.4486 0 
735E-9 1.4486 0 
736E-9 1.4486 0 
737E-9 1.4486 0 
738E-9 1.4486 0 
739E-9 1.4486 0 
740E-9 1.4486 0 
741E-9 1.4486 0 
742E-9 1.4486 0 
743E-9 1.4486 0 
744E-9 1.4486 0 
745E-9 1.4485 0 
746E-9 1.4485 0 
747E-9 1.4485 0 
748E-9 1.4484 0 
749E-9 1.4484 0 
750E-9 1.4483 0 
751E-9 1.4483 0 
752E-9 1.4483 0 
753E-9 1.4482 0 
754E-9 1.4482 0 
755E-9 1.4482 0 
756E-9 1.4482 0 
757E-9 1.4482 0 
758E-9 1.4482 0 
759E-9 1.4482 0 
760E-9 1.4482 0 
761E-9 1.4482 0 
762E-9 1.4482 0 
763E-9 1.4482 0 
764E-9 1.4482 0 
765E-9 1.4482 0 
766E-9 1.4482 0 
767E-9 1.4481 0 
768E-9 1.4481 0 
769E-9 1.4481 0 
770E-9 1.448 0 
771E-9 1.448 0 
772E-9 1.448 0 
773E-9 1.4479 0 
774E-9 1.4479 0 
775E-9 1.4479 0 
776E-9 1.4478 0 
777E-9 1.4478 0 
778E-9 1.4478 0 
779E-9 1.4478 0 
780E-9 1.4478 0 
781E-9 1.4478 0 
782E-9 1.4478 0 
783E-9 1.4478 0 
784E-9 1.4478 0 
785E-9 1.4478 0 
786E-9 1.4477 0 
787E-9 1.4477 0 
788E-9 1.4477 0 
789E-9 1.4477 0 
790E-9 1.4477 0 
791E-9 1.4477 0 
792E-9 1.4477 0 
793E-9 1.4476 0 
794E-9 1.4476 0 
795E-9 1.4476 0 
796E-9 1.4476 0 
797E-9 1.4475 0 
798E-9 1.4475 0 
799E-9 1.4475 0 
800E-9 1.4475 0 
801E-9 1.4474 0 
802E-9 1.4474 0 
803E-9 1.4474 0 
804E-9 1.4474 0 
805E-9 1.4474 0 
806E-9 1.4474 0 
807E-9 1.4474 0 
808E-9 1.4474 0 
809E-9 1.4473 0 
810E-9 1.4473 0 
811E-9 1.4473 0 
812E-9 1.4473 0 
813E-9 1.4473 0 
814E-9 1.4473 0 
815E-9 1.4473 0 
816E-9 1.4472 0 
817E-9 1.4472 0 
818E-9 1.4472 0 
819E-9 1.4472 0 
820E-9 1.4472 0 
821E-9 1.4472 0 
822E-9 1.4471 0 
823E-9 1.4471 0 
824E-9 1.4471 0 
825E-9 1.4471 0 
826E-9 1.4471 0 
827E-9 1.447 0 
828E-9 1.447 0 
829E-9 1.447 0 
830E-9 1.447 0 
831E-9 1.447 0 
832E-9 1.447 0 
833E-9 1.447 0 
834E-9 1.447 0 
835E-9 1.447 0 
836E-9 1.447 0 
837E-9 1.447 0 
838E-9 1.447 0 
839E-9 1.447 0 
840E-9 1.447 0 
841E-9 1.447 0 
842E-9 1.447 0 
843E-9 1.447 0 
844E-9 1.447 0 
845E-9 1.447 0 
846E-9 1.447 0 
847E-9 1.447 0 
848E-9 1.447 0 
849E-9 1.447 0 
850E-9 1.447 0 
851E-9 1.447 0 
852E-9 1.447 0 
853E-9 1.447 0 
854E-9 1.447 0 
855E-9 1.447 0 
856E-9 1.447 0 
857E-9 1.447 0 
858E-9 1.447 0 
859E-9 1.447 0 
860E-9 1.447 0 
861E-9 1.447 0 
862E-9 1.447 0 
863E-9 1.447 0 
864E-9 1.447 0 
865E-9 1.447 0 
866E-9 1.447 0 
867E-9 1.447 0 
868E-9 1.447 0 
869E-9 1.447 0 
870E-9 1.447 0 
871E-9 1.447 0 
872E-9 1.447 0 
873E-9 1.447 0 
874E-9 1.447 0 
875E-9 1.447 0 
876E-9 1.447 0 
877E-9 1.447 0 
878E-9 1.447 0 
879E-9 1.447 0 
880E-9 1.447 0 
881E-9 1.447 0 
882E-9 1.447 0 
883E-9 1.447 0 
884E-9 1.447 0 
885E-9 1.447 0 
886E-9 1.447 0 
887E-9 1.447 0 
888E-9 1.447 0 
889E-9 1.447 0 
890E-9 1.447 0 
891E-9 1.447 0 
892E-9 1.447 0 
893E-9 1.447 0 
894E-9 1.447 0 
895E-9 1.447 0 
896E-9 1.447 0 
897E-9 1.447 0 
898E-9 1.447 0 
899E-9 1.447 0 
900E-9 1.447 0 
901E-9 1.447 0 
902E-9 1.447 0 
903E-9 1.447 0 
904E-9 1.447 0 
905E-9 1.447 0 
906E-9 1.447 0 
907E-9 1.447 0 
908E-9 1.447 0 
909E-9 1.447 0 
910E-9 1.447 0 
911E-9 1.447 0 
912E-9 1.447 0 
913E-9 1.447 0 
914E-9 1.447 0 
915E-9 1.447 0 
916E-9 1.447 0 
917E-9 1.447 0 
918E-9 1.447 0 
919E-9 1.447 0 
920E-9 1.447 0 
921E-9 1.447 0 
922E-9 1.447 0 
923E-9 1.447 0 
924E-9 1.447 0 
925E-9 1.447 0 
926E-9 1.447 0 
927E-9 1.447 0 
928E-9 1.447 0 
929E-9 1.447 0 
930E-9 1.447 0 
931E-9 1.447 0 
932E-9 1.447 0 
933E-9 1.447 0 
934E-9 1.447 0 
935E-9 1.447 0 
936E-9 1.447 0 
937E-9 1.447 0 
938E-9 1.447 0 
939E-9 1.447 0 
940E-9 1.447 0 
941E-9 1.447 0 
942E-9 1.447 0 
943E-9 1.447 0 
944E-9 1.447 0 
945E-9 1.447 0 
946E-9 1.447 0 
947E-9 1.447 0 
948E-9 1.447 0 
949E-9 1.447 0 
950E-9 1.447 0 
951E-9 1.447 0 
952E-9 1.447 0 
953E-9 1.447 0 
954E-9 1.447 0 
955E-9 1.447 0 
956E-9 1.447 0 
957E-9 1.447 0 
958E-9 1.447 0 
959E-9 1.447 0 
960E-9 1.447 0 
961E-9 1.447 0 
962E-9 1.447 0 
963E-9 1.447 0 
964E-9 1.447 0 
965E-9 1.447 0 
966E-9 1.447 0 
967E-9 1.447 0 
968E-9 1.447 0 
969E-9 1.447 0 
970E-9 1.447 0 
971E-9 1.447 0 
972E-9 1.447 0 
973E-9 1.447 0 
974E-9 1.447 0 
975E-9 1.447 0 
976E-9 1.447 0 
977E-9 1.447 0 
978E-9 1.447 0 
979E-9 1.447 0 
980E-9 1.447 0 
981E-9 1.447 0 
982E-9 1.447 0 
983E-9 1.447 0 
984E-9 1.447 0 
985E-9 1.447 0 
986E-9 1.447 0 
987E-9 1.447 0 
988E-9 1.447 0 
989E-9 1.447 0 
990E-9 1.447 0 
991E-9 1.447 0 
992E-9 1.447 0 
993E-9 1.447 0 
994E-9 1.447 0 
995E-9 1.447 0 
996E-9 1.447 0 
997E-9 1.447 0 
998E-9 1.447 0 
999E-9 1.447 0 
1000E-9 1.447 0 
