lambda n k
300E-9 1.4607 0 
301E-9 1.4606 0 
302E-9 1.4605 0 
303E-9 1.4605 0 
304E-9 1.4604 0 
305E-9 1.4603 0 
306E-9 1.4602 0 
307E-9 1.4601 0 
308E-9 1.46 0 
309E-9 1.46 0 
310E-9 1.4599 0 
311E-9 1.4598 0 
312E-9 1.4598 0 
313E-9 1.4597 0 
314E-9 1.4596 0 
315E-9 1.4596 0 
316E-9 1.4596 0 
317E-9 1.4595 0 
318E-9 1.4595 0 
319E-9 1.4594 0 
320E-9 1.4594 0 
321E-9 1.4593 0 
322E-9 1.4592 0 
323E-9 1.4591 0 
324E-9 1.459 0 
325E-9 1.4589 0 
326E-9 1.4589 0 
327E-9 1.4589 0 
328E-9 1.4588 0 
329E-9 1.4588 0 
330E-9 1.4587 0 
331E-9 1.4587 0 
332E-9 1.4586 0 
333E-9 1.4586 0 
334E-9 1.4586 0 
335E-9 1.4585 0 
336E-9 1.4584 0 
337E-9 1.4583 0 
338E-9 1.4583 0 
339E-9 1.4582 0 
340E-9 1.4581 0 
341E-9 1.4581 0 
342E-9 1.458 0 
343E-9 1.458 0 
344E-9 1.4579 0 
345E-9 1.4579 0 
346E-9 1.4578 0 
347E-9 1.4578 0 
348E-9 1.4578 0 
349E-9 1.4577 0 
350E-9 1.4577 0 
351E-9 1.4576 0 
352E-9 1.4576 0 
353E-9 1.4575 0 
354E-9 1.4574 0 
355E-9 1.4574 0 
356E-9 1.4573 0 
357E-9 1.4573 0 
358E-9 1.4573 0 
359E-9 1.4573 0 
360E-9 1.4573 0 
361E-9 1.4572 0 
362E-9 1.4572 0 
363E-9 1.4571 0 
364E-9 1.457 0 
365E-9 1.457 0 
366E-9 1.4569 0 
367E-9 1.4568 0 
368E-9 1.4568 0 
369E-9 1.4568 0 
370E-9 1.4567 0 
371E-9 1.4567 0 
372E-9 1.4567 0 
373E-9 1.4566 0 
374E-9 1.4566 0 
375E-9 1.4565 0 
376E-9 1.4565 0 
377E-9 1.4565 0 
378E-9 1.4564 0 
379E-9 1.4564 0 
380E-9 1.4563 0 
381E-9 1.4563 0 
382E-9 1.4562 0 
383E-9 1.4562 0 
384E-9 1.4561 0 
385E-9 1.4561 0 
386E-9 1.456 0 
387E-9 1.456 0 
388E-9 1.456 0 
389E-9 1.456 0 
390E-9 1.456 0 
391E-9 1.4559 0 
392E-9 1.4558 0 
393E-9 1.4558 0 
394E-9 1.4557 0 
395E-9 1.4556 0 
396E-9 1.4555 0 
397E-9 1.4555 0 
398E-9 1.4555 0 
399E-9 1.4555 0 
400E-9 1.4555 0 
401E-9 1.4555 0 
402E-9 1.4555 0 
403E-9 1.4555 0 
404E-9 1.4554 0 
405E-9 1.4554 0 
406E-9 1.4553 0 
407E-9 1.4553 0 
408E-9 1.4552 0 
409E-9 1.4551 0 
410E-9 1.4551 0 
411E-9 1.4551 0 
412E-9 1.4551 0 
413E-9 1.4551 0 
414E-9 1.4551 0 
415E-9 1.4551 0 
416E-9 1.455 0 
417E-9 1.455 0 
418E-9 1.4549 0 
419E-9 1.4548 0 
420E-9 1.4548 0 
421E-9 1.4547 0 
422E-9 1.4546 0 
423E-9 1.4546 0 
424E-9 1.4546 0 
425E-9 1.4546 0 
426E-9 1.4546 0 
427E-9 1.4546 0 
428E-9 1.4546 0 
429E-9 1.4546 0 
430E-9 1.4545 0 
431E-9 1.4545 0 
432E-9 1.4544 0 
433E-9 1.4543 0 
434E-9 1.4543 0 
435E-9 1.4542 0 
436E-9 1.4542 0 
437E-9 1.4542 0 
438E-9 1.4542 0 
439E-9 1.4542 0 
440E-9 1.4542 0 
441E-9 1.4542 0 
442E-9 1.4542 0 
443E-9 1.4541 0 
444E-9 1.4541 0 
445E-9 1.454 0 
446E-9 1.454 0 
447E-9 1.4539 0 
448E-9 1.4539 0 
449E-9 1.4538 0 
450E-9 1.4538 0 
451E-9 1.4538 0 
452E-9 1.4538 0 
453E-9 1.4538 0 
454E-9 1.4538 0 
455E-9 1.4538 0 
456E-9 1.4538 0 
457E-9 1.4537 0 
458E-9 1.4537 0 
459E-9 1.4536 0 
460E-9 1.4536 0 
461E-9 1.4536 0 
462E-9 1.4535 0 
463E-9 1.4535 0 
464E-9 1.4535 0 
465E-9 1.4534 0 
466E-9 1.4534 0 
467E-9 1.4534 0 
468E-9 1.4534 0 
469E-9 1.4534 0 
470E-9 1.4533 0 
471E-9 1.4533 0 
472E-9 1.4533 0 
473E-9 1.4533 0 
474E-9 1.4532 0 
475E-9 1.4532 0 
476E-9 1.4532 0 
477E-9 1.4531 0 
478E-9 1.4531 0 
479E-9 1.4531 0 
480E-9 1.4531 0 
481E-9 1.453 0 
482E-9 1.453 0 
483E-9 1.453 0 
484E-9 1.4529 0 
485E-9 1.4529 0 
486E-9 1.4529 0 
487E-9 1.4529 0 
488E-9 1.4529 0 
489E-9 1.4529 0 
490E-9 1.4529 0 
491E-9 1.4529 0 
492E-9 1.4529 0 
493E-9 1.4529 0 
494E-9 1.4528 0 
495E-9 1.4528 0 
496E-9 1.4527 0 
497E-9 1.4526 0 
498E-9 1.4526 0 
499E-9 1.4525 0 
500E-9 1.4525 0 
501E-9 1.4525 0 
502E-9 1.4525 0 
503E-9 1.4525 0 
504E-9 1.4525 0 
505E-9 1.4525 0 
506E-9 1.4525 0 
507E-9 1.4525 0 
508E-9 1.4525 0 
509E-9 1.4524 0 
510E-9 1.4524 0 
511E-9 1.4523 0 
512E-9 1.4523 0 
513E-9 1.4522 0 
514E-9 1.4522 0 
515E-9 1.4521 0 
516E-9 1.4521 0 
517E-9 1.4521 0 
518E-9 1.4521 0 
519E-9 1.4521 0 
520E-9 1.4521 0 
521E-9 1.4521 0 
522E-9 1.4521 0 
523E-9 1.4521 0 
524E-9 1.452 0 
525E-9 1.452 0 
526E-9 1.452 0 
527E-9 1.452 0 
528E-9 1.452 0 
529E-9 1.452 0 
530E-9 1.452 0 
531E-9 1.452 0 
532E-9 1.452 0 
533E-9 1.4519 0 
534E-9 1.4519 0 
535E-9 1.4518 0 
536E-9 1.4518 0 
537E-9 1.4518 0 
538E-9 1.4517 0 
539E-9 1.4517 0 
540E-9 1.4516 0 
541E-9 1.4516 0 
542E-9 1.4516 0 
543E-9 1.4516 0 
544E-9 1.4516 0 
545E-9 1.4516 0 
546E-9 1.4516 0 
547E-9 1.4516 0 
548E-9 1.4516 0 
549E-9 1.4516 0 
550E-9 1.4516 0 
551E-9 1.4515 0 
552E-9 1.4515 0 
553E-9 1.4515 0 
554E-9 1.4514 0 
555E-9 1.4514 0 
556E-9 1.4514 0 
557E-9 1.4513 0 
558E-9 1.4513 0 
559E-9 1.4513 0 
560E-9 1.4513 0 
561E-9 1.4513 0 
562E-9 1.4512 0 
563E-9 1.4512 0 
564E-9 1.4512 0 
565E-9 1.4512 0 
566E-9 1.4512 0 
567E-9 1.4512 0 
568E-9 1.4511 0 
569E-9 1.4511 0 
570E-9 1.4511 0 
571E-9 1.4511 0 
572E-9 1.451 0 
573E-9 1.451 0 
574E-9 1.451 0 
575E-9 1.451 0 
576E-9 1.4509 0 
577E-9 1.4509 0 
578E-9 1.4509 0 
579E-9 1.4509 0 
580E-9 1.4508 0 
581E-9 1.4508 0 
582E-9 1.4508 0 
583E-9 1.4508 0 
584E-9 1.4508 0 
585E-9 1.4508 0 
586E-9 1.4508 0 
587E-9 1.4508 0 
588E-9 1.4508 0 
589E-9 1.4508 0 
590E-9 1.4508 0 
591E-9 1.4508 0 
592E-9 1.4508 0 
593E-9 1.4507 0 
594E-9 1.4507 0 
595E-9 1.4506 0 
596E-9 1.4506 0 
597E-9 1.4505 0 
598E-9 1.4505 0 
599E-9 1.4505 0 
600E-9 1.4504 0 
601E-9 1.4504 0 
602E-9 1.4503 0 
603E-9 1.4503 0 
604E-9 1.4503 0 
605E-9 1.4503 0 
606E-9 1.4503 0 
607E-9 1.4503 0 
608E-9 1.4503 0 
609E-9 1.4503 0 
610E-9 1.4503 0 
611E-9 1.4503 0 
612E-9 1.4503 0 
613E-9 1.4503 0 
614E-9 1.4503 0 
615E-9 1.4502 0 
616E-9 1.4502 0 
617E-9 1.4502 0 
618E-9 1.4502 0 
619E-9 1.4501 0 
620E-9 1.4501 0 
621E-9 1.4501 0 
622E-9 1.4501 0 
623E-9 1.4501 0 
624E-9 1.45 0 
625E-9 1.45 0 
626E-9 1.45 0 
627E-9 1.45 0 
628E-9 1.4499 0 
629E-9 1.4499 0 
630E-9 1.4499 0 
631E-9 1.4499 0 
632E-9 1.4499 0 
633E-9 1.4499 0 
634E-9 1.4499 0 
635E-9 1.4499 0 
636E-9 1.4499 0 
637E-9 1.4498 0 
638E-9 1.4498 0 
639E-9 1.4498 0 
640E-9 1.4498 0 
641E-9 1.4498 0 
642E-9 1.4498 0 
643E-9 1.4497 0 
644E-9 1.4497 0 
645E-9 1.4496 0 
646E-9 1.4496 0 
647E-9 1.4496 0 
648E-9 1.4495 0 
649E-9 1.4495 0 
650E-9 1.4495 0 
651E-9 1.4495 0 
652E-9 1.4495 0 
653E-9 1.4495 0 
654E-9 1.4495 0 
655E-9 1.4495 0 
656E-9 1.4495 0 
657E-9 1.4495 0 
658E-9 1.4495 0 
659E-9 1.4495 0 
660E-9 1.4495 0 
661E-9 1.4494 0 
662E-9 1.4494 0 
663E-9 1.4494 0 
664E-9 1.4494 0 
665E-9 1.4493 0 
666E-9 1.4493 0 
667E-9 1.4493 0 
668E-9 1.4492 0 
669E-9 1.4492 0 
670E-9 1.4492 0 
671E-9 1.4492 0 
672E-9 1.4492 0 
673E-9 1.4491 0 
674E-9 1.4491 0 
675E-9 1.4491 0 
676E-9 1.4491 0 
677E-9 1.4491 0 
678E-9 1.4491 0 
679E-9 1.4491 0 
680E-9 1.449 0 
681E-9 1.449 0 
682E-9 1.449 0 
683E-9 1.449 0 
684E-9 1.449 0 
685E-9 1.4489 0 
686E-9 1.4489 0 
687E-9 1.4489 0 
688E-9 1.4489 0 
689E-9 1.4489 0 
690E-9 1.4488 0 
691E-9 1.4488 0 
692E-9 1.4488 0 
693E-9 1.4488 0 
694E-9 1.4488 0 
695E-9 1.4487 0 
696E-9 1.4487 0 
697E-9 1.4487 0 
698E-9 1.4487 0 
699E-9 1.4487 0 
700E-9 1.4486 0 
701E-9 1.4486 0 
702E-9 1.4486 0 
703E-9 1.4486 0 
704E-9 1.4486 0 
705E-9 1.4486 0 
706E-9 1.4486 0 
707E-9 1.4486 0 
708E-9 1.4486 0 
709E-9 1.4486 0 
710E-9 1.4486 0 
711E-9 1.4486 0 
712E-9 1.4486 0 
713E-9 1.4486 0 
714E-9 1.4486 0 
715E-9 1.4485 0 
716E-9 1.4485 0 
717E-9 1.4485 0 
718E-9 1.4484 0 
719E-9 1.4484 0 
720E-9 1.4483 0 
721E-9 1.4483 0 
722E-9 1.4483 0 
723E-9 1.4482 0 
724E-9 1.4482 0 
725E-9 1.4482 0 
726E-9 1.4482 0 
727E-9 1.4482 0 
728E-9 1.4482 0 
729E-9 1.4482 0 
730E-9 1.4482 0 
731E-9 1.4482 0 
732E-9 1.4482 0 
733E-9 1.4482 0 
734E-9 1.4482 0 
735E-9 1.4482 0 
736E-9 1.4482 0 
737E-9 1.4481 0 
738E-9 1.4481 0 
739E-9 1.4481 0 
740E-9 1.448 0 
741E-9 1.448 0 
742E-9 1.448 0 
743E-9 1.4479 0 
744E-9 1.4479 0 
745E-9 1.4479 0 
746E-9 1.4478 0 
747E-9 1.4478 0 
748E-9 1.4478 0 
749E-9 1.4478 0 
750E-9 1.4478 0 
751E-9 1.4478 0 
752E-9 1.4478 0 
753E-9 1.4478 0 
754E-9 1.4478 0 
755E-9 1.4478 0 
756E-9 1.4477 0 
757E-9 1.4477 0 
758E-9 1.4477 0 
759E-9 1.4477 0 
760E-9 1.4477 0 
761E-9 1.4477 0 
762E-9 1.4477 0 
763E-9 1.4476 0 
764E-9 1.4476 0 
765E-9 1.4476 0 
766E-9 1.4476 0 
767E-9 1.4475 0 
768E-9 1.4475 0 
769E-9 1.4475 0 
770E-9 1.4475 0 
771E-9 1.4474 0 
772E-9 1.4474 0 
773E-9 1.4474 0 
774E-9 1.4474 0 
775E-9 1.4474 0 
776E-9 1.4474 0 
777E-9 1.4474 0 
778E-9 1.4474 0 
779E-9 1.4473 0 
780E-9 1.4473 0 
781E-9 1.4473 0 
782E-9 1.4473 0 
783E-9 1.4473 0 
784E-9 1.4473 0 
785E-9 1.4473 0 
786E-9 1.4472 0 
787E-9 1.4472 0 
788E-9 1.4472 0 
789E-9 1.4472 0 
790E-9 1.4472 0 
791E-9 1.4472 0 
792E-9 1.4471 0 
793E-9 1.4471 0 
794E-9 1.4471 0 
795E-9 1.4471 0 
796E-9 1.4471 0 
797E-9 1.447 0 
798E-9 1.447 0 
799E-9 1.447 0 
800E-9 1.447 0 
