lambda n k
300E-9 2.64194 0.78266 
301E-9 2.65787 0.74074 
302E-9 2.67381 0.71056 
303E-9 2.6876 0.68565 
304E-9 2.68634 0.66029 
305E-9 2.68508 0.62974 
306E-9 2.68382 0.59919 
307E-9 2.68256 0.5702 
308E-9 2.6813 0.54236 
309E-9 2.68004 0.51452 
310E-9 2.67878 0.48142 
311E-9 2.67753 0.44549 
312E-9 2.67627 0.41827 
313E-9 2.66848 0.39366 
314E-9 2.65824 0.37455 
315E-9 2.648 0.35801 
316E-9 2.63776 0.34146 
317E-9 2.62752 0.32492 
318E-9 2.61794 0.30919 
319E-9 2.60899 0.29379 
320E-9 2.60005 0.2784 
321E-9 2.59111 0.26476 
322E-9 2.58217 0.25411 
323E-9 2.57323 0.24345 
324E-9 2.56429 0.2328 
325E-9 2.55509 0.22214 
326E-9 2.54482 0.21176 
327E-9 2.53456 0.20188 
328E-9 2.5243 0.19199 
329E-9 2.51404 0.18211 
330E-9 2.50377 0.17222 
331E-9 2.49351 0.16233 
332E-9 2.48449 0.15664 
333E-9 2.47557 0.15126 
334E-9 2.46664 0.14588 
335E-9 2.45772 0.1405 
336E-9 2.44879 0.13512 
337E-9 2.43986 0.12974 
338E-9 2.43168 0.12436 
339E-9 2.42387 0.11898 
340E-9 2.41607 0.11361 
341E-9 2.40826 0.10823 
342E-9 2.40045 0.1038 
343E-9 2.39264 0.10037 
344E-9 2.38518 0.09694 
345E-9 2.37825 0.09351 
346E-9 2.37132 0.09009 
347E-9 2.36439 0.08666 
348E-9 2.35746 0.08323 
349E-9 2.35052 0.0798 
350E-9 2.34359 0.07637 
351E-9 2.33676 0.07294 
352E-9 2.33094 0.06951 
353E-9 2.32512 0.06609 
354E-9 2.3193 0.06403 
355E-9 2.31347 0.06197 
356E-9 2.30765 0.05991 
357E-9 2.30183 0.05785 
358E-9 2.29601 0.05579 
359E-9 2.29019 0.05373 
360E-9 2.28437 0.05167 
361E-9 2.27924 0.04961 
362E-9 2.27442 0.04755 
363E-9 2.26961 0.04549 
364E-9 2.26479 0.04343 
365E-9 2.25998 0.04137 
366E-9 2.25516 0.03973 
367E-9 2.25034 0.03856 
368E-9 2.24553 0.0374 
369E-9 2.24071 0.03623 
370E-9 2.2359 0.03506 
371E-9 2.23108 0.0339 
372E-9 2.22653 0.03273 
373E-9 2.22302 0.03156 
374E-9 2.21951 0.0304 
375E-9 2.216 0.02923 
376E-9 2.21249 0.02806 
377E-9 2.20897 0.0269 
378E-9 2.20546 0.02573 
379E-9 2.20195 0.02483 
380E-9 2.19844 0.02394 
381E-9 2.19493 0.02305 
382E-9 2.19142 0.02216 
383E-9 2.18791 0.02128 
384E-9 2.18439 0.02039 
385E-9 2.18118 0.0195 
386E-9 2.17812 0.01861 
387E-9 2.17506 0.01773 
388E-9 2.17199 0.01684 
389E-9 2.16893 0.01595 
390E-9 2.16587 0.01506 
391E-9 2.1628 0.01431 
392E-9 2.15974 0.01376 
393E-9 2.15668 0.01321 
394E-9 2.15361 0.01265 
395E-9 2.15055 0.0121 
396E-9 2.14748 0.01155 
397E-9 2.14452 0.011 
398E-9 2.14212 0.01044 
399E-9 2.13973 0.00989 
400E-9 2.13733 0.00934 
401E-9 2.13494 0.00878 
402E-9 2.13254 0.00823 
403E-9 2.13015 0.00768 
404E-9 2.12775 0.00761 
405E-9 2.12536 0.00762 
406E-9 2.12296 0.00763 
407E-9 2.12057 0.00763 
408E-9 2.11817 0.00764 
409E-9 2.11578 0.00764 
410E-9 2.11366 0.00765 
411E-9 2.11171 0.00765 
412E-9 2.10976 0.00766 
413E-9 2.10781 0.00767 
414E-9 2.10586 0.00767 
415E-9 2.10392 0.00768 
416E-9 2.10197 0.00755 
417E-9 2.10002 0.00716 
418E-9 2.09807 0.00678 
419E-9 2.09612 0.00639 
420E-9 2.09418 0.006 
421E-9 2.09223 0.00562 
422E-9 2.0903 0.00523 
423E-9 2.08857 0.00485 
424E-9 2.08685 0.00446 
425E-9 2.08513 0.00408 
426E-9 2.0834 0.00369 
427E-9 2.08168 0.00331 
428E-9 2.07995 0.00292 
429E-9 2.07823 0.00263 
430E-9 2.0765 0.00235 
431E-9 2.07478 0.00208 
432E-9 2.07305 0.00181 
433E-9 2.07133 0.00153 
434E-9 2.0696 0.00126 
435E-9 2.06803 9.86097E-4 
436E-9 2.06659 7.12652E-4 
437E-9 2.06514 4.39207E-4 
438E-9 2.0637 1.65761E-4 
439E-9 2.06225 -1.07684E-4 
440E-9 2.0608 -3.8113E-4 
441E-9 2.05936 -5.74929E-4 
442E-9 2.05791 -5.69491E-4 
443E-9 2.05646 -5.64054E-4 
444E-9 2.05502 -5.58616E-4 
445E-9 2.05357 -5.53178E-4 
446E-9 2.05213 -5.4774E-4 
447E-9 2.05069 -5.42303E-4 
448E-9 2.04959 -5.36865E-4 
449E-9 2.04848 -5.31427E-4 
450E-9 2.04738 -5.25989E-4 
451E-9 2.04628 -5.20552E-4 
452E-9 2.04518 -5.15114E-4 
453E-9 2.04408 -5.09676E-4 
454E-9 2.04297 -8.3173E-5 
455E-9 2.04187 4.80108E-4 
456E-9 2.04077 0.00104 
457E-9 2.03967 0.00161 
458E-9 2.03857 0.00217 
459E-9 2.03746 0.00273 
460E-9 2.03636 0.0033 
461E-9 2.03526 0.00386 
462E-9 2.03416 0.00442 
463E-9 2.03306 0.00499 
464E-9 2.03195 0.00555 
465E-9 2.03085 0.00611 
466E-9 2.02975 0.00658 
467E-9 2.02865 0.00669 
468E-9 2.02755 0.00681 
469E-9 2.02644 0.00693 
470E-9 2.02534 0.00705 
471E-9 2.02424 0.00716 
472E-9 2.02314 0.00728 
473E-9 2.02204 0.0074 
474E-9 2.02093 0.00751 
475E-9 2.02012 0.00763 
476E-9 2.01934 0.00775 
477E-9 2.01856 0.00787 
478E-9 2.01779 0.00798 
479E-9 2.01701 0.00802 
480E-9 2.01624 0.00803 
481E-9 2.01546 0.00804 
482E-9 2.01469 0.00804 
483E-9 2.01391 0.00805 
484E-9 2.01313 0.00805 
485E-9 2.01236 0.00806 
486E-9 2.01158 0.00806 
487E-9 2.01083 0.00807 
488E-9 2.0101 0.00807 
489E-9 2.00938 0.00808 
490E-9 2.00866 0.00809 
491E-9 2.00794 0.00809 
492E-9 2.00722 0.0081 
493E-9 2.0065 0.0081 
494E-9 2.00578 0.00811 
495E-9 2.00506 0.00811 
496E-9 2.00434 0.00812 
497E-9 2.00362 0.00812 
498E-9 2.0029 0.00813 
499E-9 2.00218 0.00814 
500E-9 2.00159 0.00814 
501E-9 2.00104 0.00815 
502E-9 2.00049 0.00815 
503E-9 1.99994 0.00816 
504E-9 1.99938 0.00816 
505E-9 1.99883 0.00817 
506E-9 1.99828 0.00817 
507E-9 1.99773 0.00818 
508E-9 1.99718 0.00818 
509E-9 1.99662 0.00819 
510E-9 1.99607 0.00819 
511E-9 1.99552 0.0082 
512E-9 1.99495 0.0082 
513E-9 1.99434 0.00821 
514E-9 1.99373 0.00821 
515E-9 1.99312 0.00822 
516E-9 1.99252 0.00821 
517E-9 1.99191 0.00816 
518E-9 1.9913 0.00811 
519E-9 1.99069 0.00806 
520E-9 1.99008 0.00801 
521E-9 1.98947 0.00796 
522E-9 1.98886 0.00791 
523E-9 1.98825 0.00786 
524E-9 1.98764 0.00781 
525E-9 1.98716 0.00776 
526E-9 1.98672 0.00771 
527E-9 1.98628 0.00766 
528E-9 1.98584 0.00761 
529E-9 1.9854 0.00734 
530E-9 1.98496 0.0069 
531E-9 1.98452 0.00646 
532E-9 1.98408 0.00602 
533E-9 1.98364 0.00558 
534E-9 1.9832 0.00514 
535E-9 1.98276 0.0047 
536E-9 1.98232 0.00426 
537E-9 1.98187 0.00381 
538E-9 1.98143 0.00337 
539E-9 1.98099 0.00293 
540E-9 1.98055 0.00249 
541E-9 1.98011 0.00206 
542E-9 1.97967 0.0019 
543E-9 1.97923 0.00174 
544E-9 1.97879 0.00158 
545E-9 1.97834 0.00141 
546E-9 1.9779 0.00125 
547E-9 1.97746 0.00109 
548E-9 1.97702 9.27793E-4 
549E-9 1.97658 7.65534E-4 
550E-9 1.97621 6.03275E-4 
551E-9 1.97588 4.41016E-4 
552E-9 1.97555 2.78757E-4 
553E-9 1.97523 1.16498E-4 
554E-9 1.9749 3.95348E-5 
555E-9 1.97457 4.49725E-5 
556E-9 1.97424 5.04103E-5 
557E-9 1.97391 5.5848E-5 
558E-9 1.97358 6.12857E-5 
559E-9 1.97325 6.67235E-5 
560E-9 1.97292 7.21612E-5 
561E-9 1.97259 7.75989E-5 
562E-9 1.97226 8.30367E-5 
563E-9 1.97193 8.84744E-5 
564E-9 1.9716 9.39121E-5 
565E-9 1.97127 9.93499E-5 
566E-9 1.97094 1.04788E-4 
567E-9 1.97061 1.10225E-4 
568E-9 1.97028 1.15663E-4 
569E-9 1.96995 1.21101E-4 
570E-9 1.96962 1.26539E-4 
571E-9 1.96929 1.31976E-4 
572E-9 1.96896 1.37414E-4 
573E-9 1.96863 1.42852E-4 
574E-9 1.9683 1.48289E-4 
575E-9 1.96801 1.53727E-4 
576E-9 1.96774 1.59165E-4 
577E-9 1.96746 1.64603E-4 
578E-9 1.96719 1.7004E-4 
579E-9 1.96691 1.75478E-4 
580E-9 1.96664 1.80916E-4 
581E-9 1.96637 1.86354E-4 
582E-9 1.96609 1.91791E-4 
583E-9 1.96582 1.97229E-4 
584E-9 1.96555 2.02667E-4 
585E-9 1.96527 2.08105E-4 
586E-9 1.965 2.13542E-4 
587E-9 1.96472 2.1898E-4 
588E-9 1.96439 2.24418E-4 
589E-9 1.96406 2.29855E-4 
590E-9 1.96373 2.35293E-4 
591E-9 1.9634 2.40731E-4 
592E-9 1.96308 2.46169E-4 
593E-9 1.96275 2.51606E-4 
594E-9 1.96242 2.57044E-4 
595E-9 1.96209 2.62482E-4 
596E-9 1.96176 2.6792E-4 
597E-9 1.96143 2.73357E-4 
598E-9 1.9611 2.78795E-4 
599E-9 1.96077 2.84233E-4 
600E-9 1.96054 2.89671E-4 
601E-9 1.96038 2.95108E-4 
602E-9 1.96021 3.00546E-4 
603E-9 1.96005 3.05984E-4 
604E-9 1.95989 3.11421E-4 
605E-9 1.95973 3.16859E-4 
606E-9 1.95957 3.22297E-4 
607E-9 1.9594 3.27735E-4 
608E-9 1.95924 3.33172E-4 
609E-9 1.95908 3.3861E-4 
610E-9 1.95892 3.44048E-4 
611E-9 1.95876 3.49486E-4 
612E-9 1.95859 3.54923E-4 
613E-9 1.95838 3.60361E-4 
614E-9 1.95816 3.65799E-4 
615E-9 1.95794 3.71237E-4 
616E-9 1.95772 3.76674E-4 
617E-9 1.9575 3.82112E-4 
618E-9 1.95729 3.8755E-4 
619E-9 1.95707 3.92987E-4 
620E-9 1.95685 3.98425E-4 
621E-9 1.95663 4.03863E-4 
622E-9 1.95641 4.09301E-4 
623E-9 1.9562 4.14738E-4 
624E-9 1.95598 4.20176E-4 
625E-9 1.95576 4.25614E-4 
626E-9 1.95554 4.31052E-4 
627E-9 1.95533 4.36489E-4 
628E-9 1.95511 4.41927E-4 
629E-9 1.95489 4.47365E-4 
630E-9 1.95467 4.52803E-4 
631E-9 1.95445 4.5824E-4 
632E-9 1.95424 4.63678E-4 
633E-9 1.95402 4.69116E-4 
634E-9 1.9538 4.74553E-4 
635E-9 1.95358 4.79991E-4 
636E-9 1.95336 4.85429E-4 
637E-9 1.95315 4.90867E-4 
638E-9 1.95304 4.96304E-4 
639E-9 1.95293 5.01742E-4 
640E-9 1.95282 5.0718E-4 
641E-9 1.95272 5.12618E-4 
642E-9 1.95261 5.18055E-4 
643E-9 1.95251 5.23493E-4 
644E-9 1.9524 5.28931E-4 
645E-9 1.95229 5.34369E-4 
646E-9 1.95219 5.39806E-4 
647E-9 1.95208 5.45244E-4 
648E-9 1.95198 5.50682E-4 
649E-9 1.95187 5.56119E-4 
650E-9 1.95174 5.61557E-4 
651E-9 1.95158 5.66995E-4 
652E-9 1.95141 5.72433E-4 
653E-9 1.95125 5.7787E-4 
654E-9 1.95109 5.83308E-4 
655E-9 1.95093 5.88746E-4 
656E-9 1.95077 5.94184E-4 
657E-9 1.9506 5.99622E-4 
658E-9 1.95044 6.05059E-4 
659E-9 1.95028 6.10497E-4 
660E-9 1.95012 6.15935E-4 
661E-9 1.94996 6.21373E-4 
662E-9 1.94979 6.26811E-4 
663E-9 1.94963 6.32248E-4 
664E-9 1.94947 6.37686E-4 
665E-9 1.94931 6.43124E-4 
666E-9 1.94915 6.48562E-4 
667E-9 1.94898 6.54E-4 
668E-9 1.94882 6.59437E-4 
669E-9 1.94866 6.64875E-4 
670E-9 1.9485 6.70313E-4 
671E-9 1.94834 6.75751E-4 
672E-9 1.94817 6.81188E-4 
673E-9 1.94801 6.86626E-4 
674E-9 1.94785 6.92064E-4 
675E-9 1.94771 6.97502E-4 
676E-9 1.9476 7.02939E-4 
677E-9 1.9475 7.08377E-4 
678E-9 1.94739 7.13815E-4 
679E-9 1.94729 7.19252E-4 
680E-9 1.94718 7.2469E-4 
681E-9 1.94707 7.30128E-4 
682E-9 1.94697 7.35566E-4 
683E-9 1.94686 7.41003E-4 
684E-9 1.94675 7.46441E-4 
685E-9 1.94665 7.51879E-4 
686E-9 1.94654 7.57317E-4 
687E-9 1.94644 7.62754E-4 
688E-9 1.94624 7.68192E-4 
689E-9 1.94602 7.7363E-4 
690E-9 1.9458 7.79068E-4 
691E-9 1.94558 7.84505E-4 
692E-9 1.94536 7.89943E-4 
693E-9 1.94515 7.95381E-4 
694E-9 1.94493 8.00818E-4 
695E-9 1.94471 8.06256E-4 
696E-9 1.94449 8.11694E-4 
697E-9 1.94427 8.17132E-4 
698E-9 1.94406 8.22569E-4 
699E-9 1.94384 8.28007E-4 
700E-9 1.94369 8.33445E-4 
701E-9 1.9437 8.38883E-4 
702E-9 1.9437 8.4432E-4 
703E-9 1.94371 8.49758E-4 
704E-9 1.94371 8.55196E-4 
705E-9 1.94372 8.60634E-4 
706E-9 1.94372 8.66071E-4 
707E-9 1.94373 8.71509E-4 
708E-9 1.94373 8.76947E-4 
709E-9 1.94373 8.82384E-4 
710E-9 1.94374 8.87822E-4 
711E-9 1.94374 8.9326E-4 
712E-9 1.94375 8.98698E-4 
713E-9 1.94375 9.04135E-4 
714E-9 1.94376 9.09573E-4 
715E-9 1.94377 9.15011E-4 
716E-9 1.94377 9.20449E-4 
717E-9 1.94378 9.25886E-4 
718E-9 1.94378 9.31324E-4 
719E-9 1.94379 9.36762E-4 
720E-9 1.94379 9.422E-4 
721E-9 1.9438 9.47637E-4 
722E-9 1.9438 9.53075E-4 
723E-9 1.94381 9.58513E-4 
724E-9 1.94382 9.6395E-4 
725E-9 1.94382 9.69388E-4 
726E-9 1.94383 9.74826E-4 
727E-9 1.94383 9.80264E-4 
728E-9 1.94384 9.85701E-4 
729E-9 1.94384 9.91146E-4 
730E-9 1.94385 9.96675E-4 
731E-9 1.94385 0.001 
732E-9 1.94386 0.00101 
733E-9 1.94387 0.00101 
734E-9 1.94387 0.00102 
735E-9 1.94388 0.00102 
736E-9 1.94388 0.00103 
737E-9 1.94389 0.00104 
738E-9 1.94381 0.00104 
739E-9 1.94371 0.00105 
740E-9 1.9436 0.00105 
741E-9 1.94349 0.00106 
742E-9 1.94339 0.00106 
743E-9 1.94328 0.00107 
744E-9 1.94318 0.00107 
745E-9 1.94307 0.00108 
746E-9 1.94296 0.00109 
747E-9 1.94286 0.00109 
748E-9 1.94275 0.0011 
749E-9 1.94265 0.0011 
750E-9 1.94252 0.00111 
751E-9 1.9423 0.00111 
752E-9 1.94208 0.00112 
753E-9 1.94186 0.00112 
754E-9 1.94165 0.00113 
755E-9 1.94143 0.00114 
756E-9 1.94121 0.00114 
757E-9 1.94099 0.00115 
758E-9 1.94078 0.00115 
759E-9 1.94056 0.00116 
760E-9 1.94034 0.00116 
761E-9 1.94012 0.00117 
762E-9 1.9399 0.00117 
763E-9 1.93983 0.00118 
764E-9 1.93984 0.00119 
765E-9 1.93984 0.00119 
766E-9 1.93985 0.0012 
767E-9 1.93986 0.0012 
768E-9 1.93986 0.00121 
769E-9 1.93987 0.00121 
770E-9 1.93987 0.00122 
771E-9 1.93988 0.00122 
772E-9 1.93988 0.00123 
773E-9 1.93989 0.00123 
774E-9 1.9399 0.00124 
775E-9 1.93987 0.00124 
776E-9 1.93965 0.00125 
777E-9 1.93944 0.00125 
778E-9 1.93922 0.00125 
779E-9 1.939 0.00126 
780E-9 1.93878 0.00127 
781E-9 1.93856 0.00127 
782E-9 1.93835 0.00128 
783E-9 1.93813 0.00128 
784E-9 1.93791 0.00129 
785E-9 1.93769 0.00129 
786E-9 1.93747 0.0013 
787E-9 1.93726 0.0013 
788E-9 1.93711 0.00131 
789E-9 1.937 0.00132 
790E-9 1.93689 0.00132 
791E-9 1.93679 0.00133 
792E-9 1.93668 0.00133 
793E-9 1.93658 0.00134 
794E-9 1.93647 0.00134 
795E-9 1.93636 0.00135 
796E-9 1.93626 0.00135 
797E-9 1.93615 0.00136 
798E-9 1.93604 0.00137 
799E-9 1.93594 0.00137 
800E-9 1.93584 0.00138 
