lambda n k
300E-9 1.41103 0.1976 
301E-9 1.40798 0.19974 
302E-9 1.4049 0.20264 
303E-9 1.40189 0.20581 
304E-9 1.39897 0.20936 
305E-9 1.39635 0.21325 
306E-9 1.39393 0.2173 
307E-9 1.39198 0.22162 
308E-9 1.39053 0.22611 
309E-9 1.3894 0.23071 
310E-9 1.38912 0.23536 
311E-9 1.38914 0.23984 
312E-9 1.38956 0.24407 
313E-9 1.39042 0.24766 
314E-9 1.39146 0.25095 
315E-9 1.39276 0.25364 
316E-9 1.39418 0.25593 
317E-9 1.39568 0.25796 
318E-9 1.39725 0.25951 
319E-9 1.39885 0.2609 
320E-9 1.40048 0.26209 
321E-9 1.40212 0.26308 
322E-9 1.40371 0.26399 
323E-9 1.40514 0.26478 
324E-9 1.40624 0.26545 
325E-9 1.40712 0.26607 
326E-9 1.40747 0.26659 
327E-9 1.40775 0.26715 
328E-9 1.40794 0.26775 
329E-9 1.40834 0.26855 
330E-9 1.40888 0.26943 
331E-9 1.40971 0.27045 
332E-9 1.41078 0.27144 
333E-9 1.41197 0.2724 
334E-9 1.41339 0.27314 
335E-9 1.4149 0.27373 
336E-9 1.41652 0.27418 
337E-9 1.41824 0.2744 
338E-9 1.42001 0.27452 
339E-9 1.42182 0.27447 
340E-9 1.42371 0.27409 
341E-9 1.42565 0.27348 
342E-9 1.42773 0.27225 
343E-9 1.42989 0.27051 
344E-9 1.43213 0.26836 
345E-9 1.43434 0.26557 
346E-9 1.43645 0.26262 
347E-9 1.43837 0.25947 
348E-9 1.43993 0.25631 
349E-9 1.44131 0.25319 
350E-9 1.44237 0.25022 
351E-9 1.44334 0.24748 
352E-9 1.44424 0.24489 
353E-9 1.44514 0.2428 
354E-9 1.44606 0.24089 
355E-9 1.44699 0.23924 
356E-9 1.44791 0.23782 
357E-9 1.44881 0.23648 
358E-9 1.44965 0.23524 
359E-9 1.45053 0.23396 
360E-9 1.45144 0.23268 
361E-9 1.45268 0.23116 
362E-9 1.45416 0.2295 
363E-9 1.45599 0.22762 
364E-9 1.45829 0.22535 
365E-9 1.46071 0.22289 
366E-9 1.4632 0.2201 
367E-9 1.46542 0.21703 
368E-9 1.46745 0.2138 
369E-9 1.46866 0.21021 
370E-9 1.46952 0.20654 
371E-9 1.46994 0.20277 
372E-9 1.46983 0.19907 
373E-9 1.46953 0.19546 
374E-9 1.46891 0.19209 
375E-9 1.46808 0.18901 
376E-9 1.46712 0.18608 
377E-9 1.46593 0.18346 
378E-9 1.46463 0.18095 
379E-9 1.46321 0.17856 
380E-9 1.46164 0.17627 
381E-9 1.46001 0.17404 
382E-9 1.45831 0.17193 
383E-9 1.45659 0.16998 
384E-9 1.45486 0.16814 
385E-9 1.45317 0.16657 
386E-9 1.45152 0.16519 
387E-9 1.44992 0.16399 
388E-9 1.44837 0.16304 
389E-9 1.44682 0.16218 
390E-9 1.44528 0.16144 
391E-9 1.4437 0.16078 
392E-9 1.44211 0.16014 
393E-9 1.44046 0.15953 
394E-9 1.43881 0.15891 
395E-9 1.43717 0.1583 
396E-9 1.4356 0.15767 
397E-9 1.43408 0.15703 
398E-9 1.43265 0.15636 
399E-9 1.43135 0.15566 
400E-9 1.43011 0.15495 
401E-9 1.42894 0.15421 
402E-9 1.42778 0.15345 
403E-9 1.42663 0.15269 
404E-9 1.42542 0.15192 
405E-9 1.42417 0.15114 
406E-9 1.42285 0.15037 
407E-9 1.42144 0.14962 
408E-9 1.42 0.14888 
409E-9 1.41849 0.14818 
410E-9 1.41693 0.14754 
411E-9 1.41533 0.14692 
412E-9 1.41368 0.14641 
413E-9 1.41199 0.14596 
414E-9 1.41026 0.14558 
415E-9 1.40847 0.14534 
416E-9 1.40665 0.14517 
417E-9 1.40476 0.14516 
418E-9 1.40281 0.14529 
419E-9 1.40083 0.14551 
420E-9 1.3988 0.14596 
421E-9 1.39676 0.14649 
422E-9 1.39473 0.14715 
423E-9 1.39276 0.14796 
424E-9 1.39085 0.14884 
425E-9 1.38904 0.14986 
426E-9 1.38735 0.15097 
427E-9 1.38574 0.15213 
428E-9 1.38426 0.15345 
429E-9 1.38282 0.15482 
430E-9 1.38144 0.15626 
431E-9 1.3801 0.15782 
432E-9 1.37876 0.15943 
433E-9 1.37743 0.16112 
434E-9 1.37609 0.16288 
435E-9 1.37475 0.16468 
436E-9 1.37342 0.16651 
437E-9 1.37213 0.16834 
438E-9 1.37086 0.17016 
439E-9 1.36968 0.17192 
440E-9 1.36854 0.17364 
441E-9 1.36749 0.17527 
442E-9 1.36652 0.17681 
443E-9 1.36561 0.17832 
444E-9 1.36478 0.17973 
445E-9 1.36398 0.18113 
446E-9 1.36321 0.18251 
447E-9 1.36247 0.18389 
448E-9 1.36174 0.18527 
449E-9 1.36101 0.18668 
450E-9 1.36028 0.1881 
451E-9 1.35956 0.18954 
452E-9 1.35885 0.19099 
453E-9 1.35817 0.19241 
454E-9 1.3575 0.19381 
455E-9 1.35688 0.19517 
456E-9 1.35629 0.19649 
457E-9 1.35574 0.19774 
458E-9 1.35525 0.19894 
459E-9 1.35477 0.20011 
460E-9 1.35431 0.20128 
461E-9 1.35383 0.20251 
462E-9 1.35334 0.20378 
463E-9 1.35278 0.20522 
464E-9 1.35217 0.20677 
465E-9 1.35149 0.20848 
466E-9 1.35069 0.21046 
467E-9 1.34985 0.21257 
468E-9 1.34894 0.21489 
469E-9 1.34805 0.21734 
470E-9 1.34716 0.21986 
471E-9 1.34639 0.22248 
472E-9 1.34569 0.22511 
473E-9 1.34512 0.22775 
474E-9 1.34477 0.23034 
475E-9 1.34455 0.23288 
476E-9 1.34457 0.23532 
477E-9 1.34474 0.23768 
478E-9 1.34501 0.23999 
479E-9 1.34543 0.24217 
480E-9 1.34587 0.24429 
481E-9 1.34636 0.24634 
482E-9 1.34686 0.24829 
483E-9 1.34733 0.25018 
484E-9 1.34775 0.25199 
485E-9 1.34811 0.25372 
486E-9 1.34842 0.25542 
487E-9 1.34868 0.25708 
488E-9 1.34892 0.25873 
489E-9 1.34916 0.26038 
490E-9 1.3494 0.26208 
491E-9 1.34966 0.2638 
492E-9 1.34995 0.26559 
493E-9 1.3503 0.26746 
494E-9 1.35069 0.26938 
495E-9 1.35116 0.27141 
496E-9 1.35168 0.27345 
497E-9 1.35225 0.27551 
498E-9 1.35292 0.2775 
499E-9 1.35363 0.27944 
500E-9 1.35439 0.28126 
501E-9 1.35523 0.28291 
502E-9 1.35609 0.28444 
503E-9 1.35704 0.2857 
504E-9 1.35803 0.28675 
505E-9 1.35904 0.28762 
506E-9 1.3601 0.28819 
507E-9 1.36117 0.28866 
508E-9 1.36224 0.289 
509E-9 1.3633 0.28922 
510E-9 1.36435 0.28941 
511E-9 1.36534 0.28954 
512E-9 1.36629 0.2897 
513E-9 1.36721 0.28986 
514E-9 1.36801 0.29013 
515E-9 1.36877 0.29045 
516E-9 1.36946 0.29086 
517E-9 1.37007 0.29133 
518E-9 1.37063 0.29185 
519E-9 1.37113 0.29242 
520E-9 1.3716 0.29301 
521E-9 1.37203 0.29361 
522E-9 1.37243 0.29422 
523E-9 1.37281 0.29482 
524E-9 1.37318 0.29541 
525E-9 1.37353 0.29595 
526E-9 1.37388 0.29647 
527E-9 1.37422 0.29693 
528E-9 1.37454 0.29731 
529E-9 1.37485 0.29766 
530E-9 1.37513 0.2979 
531E-9 1.37538 0.29807 
532E-9 1.3756 0.29816 
533E-9 1.37575 0.2981 
534E-9 1.37588 0.29798 
535E-9 1.37597 0.29772 
536E-9 1.37598 0.29733 
537E-9 1.37596 0.29685 
538E-9 1.37586 0.29621 
539E-9 1.37571 0.29551 
540E-9 1.37551 0.29475 
541E-9 1.37525 0.29394 
542E-9 1.37496 0.29312 
543E-9 1.37462 0.2923 
544E-9 1.37422 0.29154 
545E-9 1.3738 0.29081 
546E-9 1.37332 0.29019 
547E-9 1.37281 0.28967 
548E-9 1.37227 0.28923 
549E-9 1.37168 0.289 
550E-9 1.37107 0.28887 
551E-9 1.37041 0.28885 
552E-9 1.36971 0.28896 
553E-9 1.36898 0.28912 
554E-9 1.36819 0.28936 
555E-9 1.36735 0.28964 
556E-9 1.36649 0.28994 
557E-9 1.36554 0.29025 
558E-9 1.36456 0.29056 
559E-9 1.36353 0.29084 
560E-9 1.36241 0.29106 
561E-9 1.36126 0.29126 
562E-9 1.36004 0.29138 
563E-9 1.35875 0.29146 
564E-9 1.35743 0.29152 
565E-9 1.35603 0.29158 
566E-9 1.35459 0.29166 
567E-9 1.35312 0.29176 
568E-9 1.35158 0.29193 
569E-9 1.35001 0.29216 
570E-9 1.3484 0.2925 
571E-9 1.34675 0.29296 
572E-9 1.34507 0.29349 
573E-9 1.34335 0.29425 
574E-9 1.34161 0.29513 
575E-9 1.33984 0.29614 
576E-9 1.33807 0.29739 
577E-9 1.33631 0.29874 
578E-9 1.33456 0.30025 
579E-9 1.33285 0.3019 
580E-9 1.33118 0.30364 
581E-9 1.32958 0.30553 
582E-9 1.32805 0.30751 
583E-9 1.32659 0.30957 
584E-9 1.32527 0.31174 
585E-9 1.32403 0.31396 
586E-9 1.32291 0.31625 
587E-9 1.32196 0.3186 
588E-9 1.3211 0.32098 
589E-9 1.32042 0.32342 
590E-9 1.31984 0.3259 
591E-9 1.31932 0.32842 
592E-9 1.31892 0.33102 
593E-9 1.31853 0.33366 
594E-9 1.31817 0.33635 
595E-9 1.31781 0.33915 
596E-9 1.31743 0.34199 
597E-9 1.31701 0.34492 
598E-9 1.31652 0.34793 
599E-9 1.31599 0.35101 
600E-9 1.31531 0.35421 
601E-9 1.31454 0.35749 
602E-9 1.31366 0.36086 
603E-9 1.3126 0.36437 
604E-9 1.31148 0.36795 
605E-9 1.31026 0.37166 
606E-9 1.30899 0.37547 
607E-9 1.30771 0.37935 
608E-9 1.30646 0.38338 
609E-9 1.30525 0.38749 
610E-9 1.30408 0.39168 
611E-9 1.30307 0.396 
612E-9 1.30214 0.40039 
613E-9 1.30138 0.40487 
614E-9 1.30084 0.40945 
615E-9 1.30043 0.41409 
616E-9 1.30033 0.41884 
617E-9 1.30045 0.42364 
618E-9 1.30078 0.42849 
619E-9 1.30147 0.43342 
620E-9 1.30231 0.4384 
621E-9 1.30337 0.44342 
622E-9 1.30465 0.44848 
623E-9 1.30604 0.45356 
624E-9 1.30763 0.45868 
625E-9 1.30934 0.4638 
626E-9 1.31113 0.46894 
627E-9 1.31305 0.47408 
628E-9 1.31502 0.47923 
629E-9 1.31706 0.48437 
630E-9 1.31913 0.4895 
631E-9 1.32122 0.49463 
632E-9 1.32333 0.49973 
633E-9 1.32542 0.50481 
634E-9 1.3275 0.50988 
635E-9 1.32956 0.51489 
636E-9 1.33161 0.51985 
637E-9 1.33366 0.52477 
638E-9 1.33571 0.52957 
639E-9 1.33777 0.5343 
640E-9 1.33982 0.53892 
641E-9 1.34189 0.54341 
642E-9 1.34396 0.54781 
643E-9 1.34605 0.55202 
644E-9 1.34816 0.55609 
645E-9 1.35029 0.56005 
646E-9 1.35245 0.56375 
647E-9 1.35462 0.56733 
648E-9 1.35682 0.57071 
649E-9 1.35905 0.57384 
650E-9 1.3613 0.57684 
651E-9 1.36358 0.57959 
652E-9 1.36587 0.58218 
653E-9 1.36817 0.58465 
654E-9 1.37046 0.58691 
655E-9 1.37273 0.58911 
656E-9 1.37499 0.59122 
657E-9 1.37721 0.59323 
658E-9 1.37939 0.59521 
659E-9 1.38153 0.59714 
660E-9 1.38361 0.59906 
661E-9 1.38565 0.60098 
662E-9 1.38758 0.60292 
663E-9 1.38946 0.60489 
664E-9 1.39126 0.6069 
665E-9 1.39295 0.60901 
666E-9 1.39457 0.61117 
667E-9 1.39608 0.61344 
668E-9 1.39749 0.61583 
669E-9 1.39884 0.6183 
670E-9 1.40006 0.62093 
671E-9 1.40123 0.62366 
672E-9 1.40236 0.62648 
673E-9 1.4034 0.62948 
674E-9 1.40442 0.63256 
675E-9 1.40541 0.63577 
676E-9 1.40638 0.63914 
677E-9 1.40733 0.64259 
678E-9 1.40829 0.64621 
679E-9 1.40925 0.64996 
680E-9 1.41022 0.65379 
681E-9 1.41123 0.65783 
682E-9 1.41226 0.66196 
683E-9 1.41333 0.66621 
684E-9 1.41447 0.67065 
685E-9 1.41564 0.67518 
686E-9 1.41689 0.67986 
687E-9 1.41822 0.68468 
688E-9 1.4196 0.68957 
689E-9 1.42108 0.69463 
690E-9 1.42263 0.69975 
691E-9 1.42425 0.70495 
692E-9 1.426 0.71026 
693E-9 1.4278 0.71561 
694E-9 1.42969 0.72101 
695E-9 1.4317 0.72647 
696E-9 1.43376 0.73195 
697E-9 1.43595 0.73746 
698E-9 1.43823 0.74299 
699E-9 1.44058 0.74853 
700E-9 1.44309 0.75407 
701E-9 1.44565 0.7596 
702E-9 1.44832 0.76511 
703E-9 1.45112 0.77058 
704E-9 1.45398 0.77604 
705E-9 1.45697 0.78144 
706E-9 1.46006 0.7868 
707E-9 1.46322 0.79212 
708E-9 1.46652 0.79737 
709E-9 1.46989 0.80258 
710E-9 1.47335 0.80774 
711E-9 1.47692 0.81282 
712E-9 1.48054 0.81786 
713E-9 1.48426 0.82283 
714E-9 1.48806 0.82774 
715E-9 1.49191 0.83261 
716E-9 1.49587 0.83737 
717E-9 1.49988 0.84209 
718E-9 1.50394 0.84675 
719E-9 1.5081 0.85132 
720E-9 1.5123 0.85584 
721E-9 1.51656 0.86029 
722E-9 1.52089 0.86465 
723E-9 1.52525 0.86896 
724E-9 1.52969 0.87319 
725E-9 1.53417 0.87734 
726E-9 1.53868 0.88144 
727E-9 1.54326 0.88543 
728E-9 1.54787 0.88939 
729E-9 1.55252 0.89331 
730E-9 1.55721 0.89718 
731E-9 1.56194 0.90103 
732E-9 1.5667 0.90487 
733E-9 1.5715 0.9087 
734E-9 1.57631 0.91254 
735E-9 1.58117 0.9164 
736E-9 1.58605 0.92029 
737E-9 1.59095 0.92419 
738E-9 1.59588 0.92817 
739E-9 1.60082 0.93217 
740E-9 1.60578 0.93624 
741E-9 1.61077 0.94039 
742E-9 1.61577 0.9446 
743E-9 1.62079 0.94891 
744E-9 1.62582 0.95332 
745E-9 1.63086 0.95778 
746E-9 1.63592 0.96241 
747E-9 1.64098 0.96711 
748E-9 1.64605 0.97193 
749E-9 1.65114 0.9769 
750E-9 1.65622 0.98195 
751E-9 1.6613 0.98713 
752E-9 1.66639 0.99241 
753E-9 1.67146 0.99777 
754E-9 1.67654 1.00326 
755E-9 1.6816 1.00881 
756E-9 1.68664 1.01444 
757E-9 1.69166 1.02017 
758E-9 1.69667 1.02596 
759E-9 1.70166 1.03182 
760E-9 1.70662 1.03775 
761E-9 1.71156 1.04373 
762E-9 1.71647 1.04978 
763E-9 1.72134 1.05588 
764E-9 1.72618 1.06201 
765E-9 1.73098 1.06821 
766E-9 1.73575 1.07444 
767E-9 1.74048 1.0807 
768E-9 1.74515 1.087 
769E-9 1.7498 1.09333 
770E-9 1.75439 1.09969 
771E-9 1.75894 1.10608 
772E-9 1.76346 1.11249 
773E-9 1.76795 1.11894 
774E-9 1.7725 1.12543 
775E-9 1.77709 1.13198 
776E-9 1.78184 1.13863 
777E-9 1.78671 1.14535 
778E-9 1.79176 1.15218 
779E-9 1.7971 1.15914 
780E-9 1.80262 1.16618 
781E-9 1.80851 1.17338 
782E-9 1.81472 1.18074 
783E-9 1.82116 1.18819 
784E-9 1.82821 1.19588 
785E-9 1.83557 1.20369 
786E-9 1.84331 1.21166 
787E-9 1.85171 1.21988 
788E-9 1.86044 1.22822 
789E-9 1.86977 1.23678 
790E-9 1.87971 1.24556 
791E-9 1.89001 1.25449 
792E-9 1.90114 1.26369 
793E-9 1.91279 1.27309 
794E-9 1.92489 1.28264 
795E-9 1.93795 1.29253 
796E-9 1.95145 1.30255 
797E-9 1.96558 1.3128 
798E-9 1.98048 1.32321 
799E-9 1.99576 1.33367 
800E-9 2.0117 1.34416 
