lambda n k
350E-9 1.77716 0.19547 
351E-9 1.77921 0.1966 
352E-9 1.78126 0.19774 
353E-9 1.78331 0.19799 
354E-9 1.78536 0.19744 
355E-9 1.78979 0.19689 
356E-9 1.7944 0.19635 
357E-9 1.79901 0.1958 
358E-9 1.80265 0.19525 
359E-9 1.80511 0.1947 
360E-9 1.80758 0.19354 
361E-9 1.81004 0.19167 
362E-9 1.8125 0.18979 
363E-9 1.81681 0.18514 
364E-9 1.82736 0.17935 
365E-9 1.83864 0.17355 
366E-9 1.85104 0.16231 
367E-9 1.85804 0.14924 
368E-9 1.86219 0.13472 
369E-9 1.86634 0.12203 
370E-9 1.87049 0.10986 
371E-9 1.87464 0.09712 
372E-9 1.87727 0.08023 
373E-9 1.8779 0.07732 
374E-9 1.87852 0.07214 
375E-9 1.87915 0.05501 
376E-9 1.87978 0.04922 
377E-9 1.87937 0.04402 
378E-9 1.87509 0.03881 
379E-9 1.87081 0.0336 
380E-9 1.86653 0.02722 
381E-9 1.8588 0.02041 
382E-9 1.8491 0.0136 
383E-9 1.84069 0.01192 
384E-9 1.83257 0.01092 
385E-9 1.82519 0.00991 
386E-9 1.81876 0.00891 
387E-9 1.81366 0.0079 
388E-9 1.80857 0.0069 
389E-9 1.80348 0.00589 
390E-9 1.79841 0.00538 
391E-9 1.79334 0.00499 
392E-9 1.78827 0.00459 
393E-9 1.78408 0.00419 
394E-9 1.78095 0.00379 
395E-9 1.77783 0.00339 
396E-9 1.7747 0.003 
397E-9 1.77189 0.0026 
398E-9 1.76912 0.0022 
399E-9 1.76635 0.0018 
400E-9 1.76359 0.00177 
401E-9 1.76082 0.00174 
402E-9 1.75865 0.00171 
403E-9 1.75681 0.00167 
404E-9 1.75496 0.00164 
405E-9 1.75312 0.00161 
406E-9 1.75127 0.00158 
407E-9 1.74942 0.00155 
408E-9 1.74758 0.00151 
409E-9 1.74545 0.00148 
410E-9 1.74319 0.00145 
411E-9 1.74093 0.00142 
412E-9 1.73869 0.00139 
413E-9 1.73653 0.00136 
414E-9 1.73437 0.00132 
415E-9 1.73222 0.00129 
416E-9 1.73006 0.00126 
417E-9 1.72791 0.00123 
418E-9 1.72645 0.0012 
419E-9 1.72507 0.00117 
420E-9 1.7237 0.00116 
421E-9 1.72232 0.00116 
422E-9 1.72095 0.00116 
423E-9 1.71957 0.00115 
424E-9 1.7182 0.00115 
425E-9 1.71767 0.00114 
426E-9 1.71721 0.00114 
427E-9 1.71675 0.00113 
428E-9 1.71629 0.00113 
429E-9 1.71582 0.00112 
430E-9 1.71536 0.00112 
431E-9 1.7149 0.00111 
432E-9 1.71444 0.00111 
433E-9 1.71397 0.0011 
434E-9 1.71351 0.0011 
435E-9 1.71292 0.00109 
436E-9 1.71214 0.00109 
437E-9 1.71136 0.00109 
438E-9 1.71058 0.00108 
439E-9 1.7098 0.00108 
440E-9 1.70902 0.00107 
441E-9 1.70824 0.00107 
442E-9 1.70746 0.00106 
443E-9 1.70668 0.00106 
444E-9 1.7059 0.00105 
445E-9 1.70512 0.00105 
446E-9 1.70434 0.00104 
447E-9 1.70356 0.00104 
448E-9 1.70275 0.00103 
449E-9 1.70195 0.00103 
450E-9 1.70115 0.00103 
451E-9 1.70034 0.00102 
452E-9 1.69954 0.00102 
453E-9 1.69874 0.00101 
454E-9 1.69793 0.00101 
455E-9 1.69713 0.001 
456E-9 1.69633 0 
457E-9 1.69552 0 
458E-9 1.69472 0 
459E-9 1.69392 0 
460E-9 1.69312 0 
461E-9 1.69232 0 
462E-9 1.69163 0 
463E-9 1.69094 0 
464E-9 1.69026 0 
465E-9 1.68957 0 
466E-9 1.68888 0 
467E-9 1.68819 0 
468E-9 1.6875 0 
469E-9 1.68681 0 
470E-9 1.68612 0 
471E-9 1.68543 0 
472E-9 1.68474 0 
473E-9 1.68405 0 
474E-9 1.68336 0 
475E-9 1.68271 0 
476E-9 1.6824 0 
477E-9 1.6821 0 
478E-9 1.68179 0 
479E-9 1.68149 0 
480E-9 1.68118 0 
481E-9 1.68088 0 
482E-9 1.68057 0 
483E-9 1.68027 0 
484E-9 1.67997 0 
485E-9 1.67966 0 
486E-9 1.67936 0 
487E-9 1.67905 0 
488E-9 1.67875 0 
489E-9 1.67844 0 
490E-9 1.67814 0 
491E-9 1.67784 0 
492E-9 1.67753 0 
493E-9 1.67723 0 
494E-9 1.67692 0 
495E-9 1.67662 0 
496E-9 1.67632 0 
497E-9 1.67609 0 
498E-9 1.67587 0 
499E-9 1.67564 0 
500E-9 1.67541 0 
501E-9 1.67518 0 
502E-9 1.67495 0 
503E-9 1.67473 0 
504E-9 1.6745 0 
505E-9 1.67427 0 
506E-9 1.67404 0 
507E-9 1.67382 0 
508E-9 1.67359 0 
509E-9 1.67336 0 
510E-9 1.67314 0 
511E-9 1.67295 0 
512E-9 1.67277 0 
513E-9 1.67259 0 
514E-9 1.67241 0 
515E-9 1.67222 0 
516E-9 1.67204 0 
517E-9 1.67186 0 
518E-9 1.67168 0 
519E-9 1.67149 0 
520E-9 1.67131 0 
521E-9 1.67113 0 
522E-9 1.67095 0 
523E-9 1.67076 0 
524E-9 1.67058 0 
525E-9 1.6704 0 
526E-9 1.67022 0 
527E-9 1.67003 0 
528E-9 1.66976 0 
529E-9 1.66941 0 
530E-9 1.66906 0 
531E-9 1.66871 0 
532E-9 1.66837 0 
533E-9 1.66802 0 
534E-9 1.66767 0 
535E-9 1.66732 0 
536E-9 1.66697 0 
537E-9 1.66663 0 
538E-9 1.66628 0 
539E-9 1.66593 0 
540E-9 1.66558 0 
541E-9 1.66524 0 
542E-9 1.665 0 
543E-9 1.66485 0 
544E-9 1.6647 0 
545E-9 1.66454 0 
546E-9 1.66439 0 
547E-9 1.66424 0 
548E-9 1.66409 0 
549E-9 1.66394 0 
550E-9 1.66379 0 
551E-9 1.66364 0 
552E-9 1.66348 0 
553E-9 1.66328 0 
554E-9 1.66308 0 
555E-9 1.66287 0 
556E-9 1.66267 0 
557E-9 1.66247 0 
558E-9 1.66227 0 
559E-9 1.66206 0 
560E-9 1.66186 0 
561E-9 1.66166 0 
562E-9 1.66146 0 
563E-9 1.66125 0 
564E-9 1.66105 0 
565E-9 1.66085 0 
566E-9 1.66065 0 
567E-9 1.66044 0 
568E-9 1.66027 0 
569E-9 1.66019 0 
570E-9 1.66011 0 
571E-9 1.66002 0 
572E-9 1.65994 0 
573E-9 1.65986 0 
574E-9 1.65978 0 
575E-9 1.65969 0 
576E-9 1.65961 0 
577E-9 1.65953 0 
578E-9 1.65944 0 
579E-9 1.65936 0 
580E-9 1.65928 0 
581E-9 1.65919 0 
582E-9 1.65911 0 
583E-9 1.65903 0 
584E-9 1.65895 0 
585E-9 1.65886 0 
586E-9 1.65878 0 
587E-9 1.65869 0 
588E-9 1.65854 0 
589E-9 1.65839 0 
590E-9 1.65824 0 
591E-9 1.65809 0 
592E-9 1.65793 0 
593E-9 1.65778 0 
594E-9 1.65763 0 
595E-9 1.65748 0 
596E-9 1.65733 0 
597E-9 1.65717 0 
598E-9 1.65702 0 
599E-9 1.65687 0 
600E-9 1.65672 0 
601E-9 1.65656 0 
602E-9 1.65641 0 
603E-9 1.65626 0 
604E-9 1.65611 0 
605E-9 1.65596 0 
606E-9 1.6558 0 
607E-9 1.65565 0 
608E-9 1.65549 0 
609E-9 1.65518 0 
610E-9 1.65487 0 
611E-9 1.65456 0 
612E-9 1.65425 0 
613E-9 1.65395 0 
614E-9 1.65364 0 
615E-9 1.65333 0 
616E-9 1.65302 0 
617E-9 1.65271 0 
618E-9 1.6524 0 
619E-9 1.65209 0 
620E-9 1.65178 0 
621E-9 1.65147 0 
622E-9 1.65116 0 
623E-9 1.65085 0 
624E-9 1.65061 0 
625E-9 1.65053 0 
626E-9 1.65044 0 
627E-9 1.65036 0 
628E-9 1.65028 0 
629E-9 1.6502 0 
630E-9 1.65011 0 
631E-9 1.65003 0 
632E-9 1.64995 0 
633E-9 1.64987 0 
634E-9 1.64978 0 
635E-9 1.6497 0 
636E-9 1.64962 0 
637E-9 1.64954 0 
638E-9 1.64945 0 
639E-9 1.64937 0 
640E-9 1.64929 0 
641E-9 1.64921 0 
642E-9 1.64912 0 
643E-9 1.64904 0 
644E-9 1.64875 0 
645E-9 1.64844 0 
646E-9 1.64814 0 
647E-9 1.64783 0 
648E-9 1.64753 0 
649E-9 1.64723 0 
650E-9 1.64692 0 
651E-9 1.64662 0 
652E-9 1.64631 0 
653E-9 1.64601 0 
654E-9 1.64571 0 
655E-9 1.6454 0 
656E-9 1.6451 0 
657E-9 1.64479 0 
658E-9 1.64449 0 
659E-9 1.64425 0 
660E-9 1.64425 0 
661E-9 1.64425 0 
662E-9 1.64425 0 
663E-9 1.64425 0 
664E-9 1.64425 0 
665E-9 1.64425 0 
666E-9 1.64425 0 
667E-9 1.64425 0 
668E-9 1.64425 0 
669E-9 1.64425 0 
670E-9 1.64425 0 
671E-9 1.64425 0 
672E-9 1.64425 0 
673E-9 1.64425 0 
674E-9 1.64425 0 
675E-9 1.64425 0 
676E-9 1.64425 0 
677E-9 1.64418 0 
678E-9 1.64409 0 
679E-9 1.644 0 
680E-9 1.64391 0 
681E-9 1.64382 0 
682E-9 1.64373 0 
683E-9 1.64364 0 
684E-9 1.64354 0 
685E-9 1.64345 0 
686E-9 1.64336 0 
687E-9 1.64327 0 
688E-9 1.64318 0 
689E-9 1.64309 0 
690E-9 1.643 0 
691E-9 1.64291 0 
692E-9 1.64281 0 
693E-9 1.64272 0 
694E-9 1.64261 0 
695E-9 1.64243 0 
696E-9 1.64224 0 
697E-9 1.64205 0 
698E-9 1.64186 0 
699E-9 1.64168 0 
700E-9 1.64149 0 
701E-9 1.6413 0 
702E-9 1.64112 0 
703E-9 1.64093 0 
704E-9 1.64074 0 
705E-9 1.64055 0 
706E-9 1.64037 0 
707E-9 1.64018 0 
708E-9 1.63999 0 
709E-9 1.6398 0 
710E-9 1.63962 0 
711E-9 1.63943 0 
712E-9 1.63937 0 
713E-9 1.63937 0 
714E-9 1.63937 0 
715E-9 1.63937 0 
716E-9 1.63937 0 
717E-9 1.63937 0 
718E-9 1.63937 0 
719E-9 1.63937 0 
720E-9 1.63937 0 
721E-9 1.63937 0 
722E-9 1.63937 0 
723E-9 1.63937 0 
724E-9 1.63937 0 
725E-9 1.63937 0 
726E-9 1.63937 0 
727E-9 1.63937 0 
728E-9 1.63937 0 
729E-9 1.63937 0 
730E-9 1.63937 0 
731E-9 1.63937 0 
732E-9 1.63937 0 
733E-9 1.63937 0 
734E-9 1.63937 0 
735E-9 1.63937 0 
736E-9 1.63937 0 
737E-9 1.63937 0 
738E-9 1.63937 0 
739E-9 1.63937 0 
740E-9 1.63937 0 
741E-9 1.63937 0 
742E-9 1.63937 0 
743E-9 1.63937 0 
744E-9 1.63937 0 
745E-9 1.63937 0 
746E-9 1.63937 0 
747E-9 1.63937 0 
748E-9 1.63937 0 
749E-9 1.63937 0 
750E-9 1.63937 0 
751E-9 1.63937 0 
752E-9 1.63931 0 
753E-9 1.63916 0 
754E-9 1.63901 0 
755E-9 1.63886 0 
756E-9 1.63871 0 
757E-9 1.63855 0 
758E-9 1.6384 0 
759E-9 1.63825 0 
760E-9 1.6381 0 
761E-9 1.63795 0 
762E-9 1.63779 0 
763E-9 1.63764 0 
764E-9 1.63749 0 
765E-9 1.63734 0 
766E-9 1.63718 0 
767E-9 1.63703 0 
768E-9 1.63688 0 
769E-9 1.63673 0 
770E-9 1.63658 0 
771E-9 1.63642 0 
772E-9 1.63627 0 
773E-9 1.63621 0 
774E-9 1.63627 0 
775E-9 1.63634 0 
776E-9 1.6364 0 
777E-9 1.63647 0 
778E-9 1.63653 0 
779E-9 1.6366 0 
780E-9 1.63666 0 
781E-9 1.63673 0 
782E-9 1.63679 0 
783E-9 1.63686 0 
784E-9 1.63692 0 
785E-9 1.63699 0 
786E-9 1.63706 0 
787E-9 1.63712 0 
788E-9 1.63719 0 
789E-9 1.63725 0 
790E-9 1.63732 0 
791E-9 1.63738 0 
792E-9 1.63745 0 
793E-9 1.63751 0 
794E-9 1.63758 0 
795E-9 1.63764 0 
796E-9 1.63771 0 
797E-9 1.63777 0 
798E-9 1.63778 0 
799E-9 1.63778 0 
800E-9 1.63778 0 
801E-9 1.63778 0 
802E-9 1.63778 0 
803E-9 1.63778 0 
804E-9 1.63778 0 
805E-9 1.63778 0 
806E-9 1.63778 0 
807E-9 1.63778 0 
808E-9 1.63778 0 
809E-9 1.63778 0 
810E-9 1.63778 0 
811E-9 1.63778 0 
812E-9 1.63778 0 
813E-9 1.63778 0 
814E-9 1.63778 0 
815E-9 1.63778 0 
816E-9 1.63778 0 
817E-9 1.63778 0 
818E-9 1.63778 0 
819E-9 1.63778 0 
820E-9 1.63778 0 
821E-9 1.63778 0 
822E-9 1.63778 0 
823E-9 1.63778 0 
824E-9 1.63778 0 
825E-9 1.63778 0 
826E-9 1.63778 0 
827E-9 1.63778 0 
828E-9 1.63778 0 
829E-9 1.63778 0 
830E-9 1.63778 0 
831E-9 1.63778 0 
832E-9 1.63778 0 
833E-9 1.63778 0 
834E-9 1.63778 0 
835E-9 1.63778 0 
836E-9 1.63778 0 
837E-9 1.63778 0 
838E-9 1.63778 0 
839E-9 1.63778 0 
840E-9 1.63778 0 
841E-9 1.63778 0 
842E-9 1.63778 0 
843E-9 1.63778 0 
844E-9 1.63778 0 
845E-9 1.63778 0 
846E-9 1.63778 0 
847E-9 1.63778 0 
848E-9 1.63778 0 
849E-9 1.63778 0 
850E-9 1.63778 0 
851E-9 1.63778 0 
852E-9 1.63778 0 
853E-9 1.63778 0 
854E-9 1.63778 0 
855E-9 1.63778 0 
856E-9 1.63778 0 
857E-9 1.63778 0 
858E-9 1.63778 0 
859E-9 1.63778 0 
860E-9 1.63778 0 
861E-9 1.63778 0 
862E-9 1.63777 0 
863E-9 1.63764 0 
864E-9 1.63751 0 
865E-9 1.63738 0 
866E-9 1.63725 0 
867E-9 1.63712 0 
868E-9 1.63698 0 
869E-9 1.63685 0 
870E-9 1.63672 0 
871E-9 1.63659 0 
872E-9 1.63646 0 
873E-9 1.63633 0 
874E-9 1.6362 0 
875E-9 1.63607 0 
876E-9 1.63594 0 
877E-9 1.63581 0 
878E-9 1.63568 0 
879E-9 1.63555 0 
880E-9 1.63542 0 
881E-9 1.63529 0 
882E-9 1.63516 0 
883E-9 1.63503 0 
884E-9 1.6349 0 
885E-9 1.63477 0 
886E-9 1.63464 0 
887E-9 1.63458 0 
888E-9 1.63458 0 
889E-9 1.63458 0 
890E-9 1.63458 0 
891E-9 1.63458 0 
892E-9 1.63458 0 
893E-9 1.63458 0 
894E-9 1.63458 0 
895E-9 1.63458 0 
896E-9 1.63458 0 
897E-9 1.63458 0 
898E-9 1.63458 0 
899E-9 1.63458 0 
900E-9 1.63458 0 
901E-9 1.63458 0 
902E-9 1.63458 0 
903E-9 1.63458 0 
904E-9 1.63458 0 
905E-9 1.63458 0 
906E-9 1.63458 0 
907E-9 1.63458 0 
908E-9 1.63458 0 
909E-9 1.63458 0 
910E-9 1.63458 0 
911E-9 1.63458 0 
912E-9 1.63458 0 
913E-9 1.63458 0 
914E-9 1.63458 0 
915E-9 1.63458 0 
916E-9 1.63458 0 
917E-9 1.63458 0 
918E-9 1.63458 0 
919E-9 1.63458 0 
920E-9 1.63458 0 
921E-9 1.63458 0 
922E-9 1.63458 0 
923E-9 1.63458 0 
924E-9 1.63458 0 
925E-9 1.63458 0 
926E-9 1.63458 0 
927E-9 1.63458 0 
928E-9 1.63458 0 
929E-9 1.63458 0 
930E-9 1.63458 0 
931E-9 1.63458 0 
932E-9 1.63458 0 
933E-9 1.63458 0 
934E-9 1.63458 0 
935E-9 1.63458 0 
936E-9 1.63458 0 
937E-9 1.63458 0 
938E-9 1.63458 0 
939E-9 1.63458 0 
940E-9 1.63458 0 
941E-9 1.63458 0 
942E-9 1.63458 0 
943E-9 1.63458 0 
944E-9 1.63458 0 
945E-9 1.63458 0 
946E-9 1.63458 0 
947E-9 1.63458 0 
948E-9 1.63458 0 
949E-9 1.63458 0 
950E-9 1.63458 0 
951E-9 1.63458 0 
952E-9 1.63458 0 
953E-9 1.63458 0 
954E-9 1.63458 0 
955E-9 1.63458 0 
956E-9 1.63458 0 
957E-9 1.63458 0 
958E-9 1.63458 0 
959E-9 1.63458 0 
960E-9 1.63458 0 
961E-9 1.63458 0 
962E-9 1.63458 0 
963E-9 1.63458 0 
964E-9 1.63458 0 
965E-9 1.63458 0 
966E-9 1.63458 0 
967E-9 1.63458 0 
968E-9 1.63458 0 
969E-9 1.63458 0 
970E-9 1.63458 0 
971E-9 1.63458 0 
972E-9 1.63458 0 
973E-9 1.63458 0 
974E-9 1.63458 0 
975E-9 1.63458 0 
976E-9 1.63458 0 
977E-9 1.63458 0 
978E-9 1.63458 0 
979E-9 1.63458 0 
980E-9 1.63458 0 
981E-9 1.63458 0 
982E-9 1.63458 0 
983E-9 1.63458 0 
984E-9 1.63458 0 
985E-9 1.63458 0 
986E-9 1.63458 0 
987E-9 1.63458 0 
988E-9 1.63458 0 
989E-9 1.63458 0 
990E-9 1.63458 0 
991E-9 1.63458 0 
992E-9 1.63458 0 
993E-9 1.63458 0 
994E-9 1.63458 0 
995E-9 1.63458 0 
996E-9 1.63458 0 
997E-9 1.63458 0 
998E-9 1.63458 0 
999E-9 1.63458 0 
1000E-9 1.63458 0 
