V   J   P  recLan  recSRH  Jbimo  JSRH_bulk  JSRH_LI  JSRH_RI  Jph  Jn_l  Jp_l  Jn_r  Jp_r  Vext  Jext
0.000000   -7.2249703758257226E+001    1.0000000000000000E+000   7.5396621423057407E+025    0.0000000000000000E+000   6.0400233268463603E+000   0.0000000000000000E+000   0.0000000000000000E+000   0.0000000000000000E+000  -7.9316831683168218E+001  -7.3255847403800814E+001   1.0068321116367056E+000   2.0299617836126653E-002  -7.2270125077444391E+001   0.0000000000000000E+000  -7.2249703758257226E+001
0.030000   -7.1936569611701998E+001    1.0000000000000000E+000   7.8988178859423280E+025    0.0000000000000000E+000   6.3277429923422019E+000   0.0000000000000000E+000   0.0000000000000000E+000   0.0000000000000000E+000  -7.9316831683168218E+001  -7.2970493645253399E+001   1.0320461250403654E+000   2.0439639484069537E-002  -7.1956584379660939E+001   2.9999999999999999E-002  -7.1936569611701998E+001
0.060000   -7.1600229969965596E+001    1.0000000000000000E+000   8.2854039487735109E+025    0.0000000000000000E+000   6.6374370864889674E+000   0.0000000000000000E+000   0.0000000000000000E+000   0.0000000000000000E+000  -7.9316831683168218E+001  -7.2661082130866561E+001   1.0585402000692576E+000   2.0580889885555304E-002  -7.1620189597429814E+001   5.9999999999999998E-002  -7.1600229969965596E+001
0.090000   -7.1238209914857492E+001    1.0000000000000000E+000   8.7025822856468586E+025    0.0000000000000000E+000   6.9716386513086048E+000   0.0000000000000000E+000   0.0000000000000000E+000   0.0000000000000000E+000  -7.9316831683168218E+001  -7.2326961246940570E+001   1.0862122521566149E+000   2.0724604784966474E-002  -7.1258146574786522E+001   8.9999999999999997E-002  -7.1238209914857492E+001
0.120000   -7.0847829071492413E+001    1.0000000000000000E+000   9.1535926239830665E+025    0.0000000000000000E+000   7.3329430324312410E+000   0.0000000000000000E+000   0.0000000000000000E+000   0.0000000000000000E+000  -7.9316831683168218E+001  -7.1965734776039440E+001   1.1151398062623834E+000   2.0871109479588004E-002  -7.0867729715236891E+001   1.2000000000000000E-001  -7.0847829071492413E+001
0.150000   -7.0426100237711921E+001    1.0000000000000000E+000   9.6420248403233246E+025    0.0000000000000000E+000   7.7242260799467202E+000   0.0000000000000000E+000   0.0000000000000000E+000   0.0000000000000000E+000  -7.9316831683168218E+001  -7.1574551606953989E+001   1.1454329568963515E+000   2.1020669781973613E-002  -7.0445943164907732E+001   1.4999999999999999E-001  -7.0426100237711921E+001
0.180000   -6.9969684545832450E+001    1.0000000000000000E+000   1.0171883676419109E+026    0.0000000000000000E+000   8.1486959924639759E+000   0.0000000000000000E+000   0.0000000000000000E+000   0.0000000000000000E+000  -7.9316831683168218E+001  -7.1150210234820776E+001   1.1772216564530806E+000   2.1173584154204235E-002  -6.9989443563353660E+001   1.7999999999999999E-001  -6.9969684545832450E+001
0.210000   -6.9474855479091474E+001    1.0000000000000000E+000   1.0747630169241418E+026    0.0000000000000000E+000   8.6099265066914015E+000   0.0000000000000000E+000   0.0000000000000000E+000   0.0000000000000000E+000  -7.9316831683168218E+001  -7.0689142407191312E+001   1.2106578802701722E+000   2.1330201077008865E-002  -6.9494499781870161E+001   2.0999999999999999E-001  -6.9474855479091474E+001
0.240000   -6.8937465255061880E+001    1.0000000000000000E+000   1.1374217698037909E+026    0.0000000000000000E+000   9.1118857747341959E+000   0.0000000000000000E+000   0.0000000000000000E+000   0.0000000000000000E+000  -7.9316831683168218E+001  -7.0187386274766268E+001   1.2459202661568394E+000   2.1490930056475437E-002  -6.8956958617899147E+001   2.3999999999999999E-001  -6.8937465255061880E+001
0.270000   -6.8352915141877403E+001    1.0000000000000000E+000   1.2057121480170256E+026    0.0000000000000000E+000   9.6589599932096739E+000   0.0000000000000000E+000   0.0000000000000000E+000   0.0000000000000000E+000  -7.9316831683168218E+001  -6.9640563186501737E+001   1.2832201271310968E+000   2.1656253716975035E-002  -6.8372214837208759E+001   2.7000000000000002E-001  -6.8352915141877403E+001
0.300000   -6.7716132908061496E+001    1.0000000000000000E+000   1.2802357249335270E+026    0.0000000000000000E+000   1.0255968366370066E+001   0.0000000000000000E+000   0.0000000000000000E+000   0.0000000000000000E+000  -7.9316831683168218E+001  -6.9043862993570286E+001   1.3228090065731610E+000   2.1826742104831952E-002  -6.7735188396706718E+001   2.9999999999999999E-001  -6.7716132908061496E+001
0.330000   -6.7022035229261292E+001    1.0000000000000000E+000   1.3615327254471798E+026    0.0000000000000000E+000   1.0907238635829300E+001   0.0000000000000000E+000   0.0000000000000000E+000   0.0000000000000000E+000  -7.9316831683168218E+001  -6.8388026348675425E+001   1.3655394922864958E+000   2.2000737597202960E-002  -6.7043778529395738E+001   3.2999999999999996E-001  -6.7022035229261292E+001
0.360000   -6.6263240618809448E+001    1.0000000000000000E+000   1.4506527395973768E+026    0.0000000000000000E+000   1.1621179067371578E+001   0.0000000000000000E+000   0.0000000000000000E+000   0.0000000000000000E+000  -7.9316831683168218E+001  -6.7679348791218544E+001   1.4101388760233449E+000   2.2185984883036639E-002  -6.6281676082459981E+001   3.5999999999999999E-001  -6.6263240618809448E+001
0.390000   -6.5436055395401738E+001    1.0000000000000000E+000   1.5477511050899794E+026    0.0000000000000000E+000   1.2399034071355375E+001   0.0000000000000000E+000   0.0000000000000000E+000   0.0000000000000000E+000  -7.9316831683168218E+001  -6.6895839229490036E+001   1.4593516178466097E+000   2.2373657120695896E-002  -6.5458159229088665E+001   3.9000000000000001E-001  -6.5436055395401738E+001
0.420000   -6.4530398880993033E+001    1.0000000000000000E+000   1.6543173012358378E+026    0.0000000000000000E+000   1.3252735866509584E+001   0.0000000000000000E+000   0.0000000000000000E+000   0.0000000000000000E+000  -7.9316831683168218E+001  -6.6049726025874435E+001   1.5109976451206024E+000   2.2575976435629700E-002  -6.4547292990546737E+001   4.1999999999999998E-001  -6.4530398880993033E+001
0.450000   -6.3541457208191687E+001    1.0000000000000000E+000   1.7705081028494609E+026    0.0000000000000000E+000   1.4183540375870054E+001   0.0000000000000000E+000   0.0000000000000000E+000   0.0000000000000000E+000  -7.9316831683168218E+001  -6.5110878115047981E+001   1.5690374228249080E+000   2.2781336034309960E-002  -6.3563980962572899E+001   4.4999999999999996E-001  -6.3541457208191687E+001
0.480000   -6.2459700065582908E+001    1.0000000000000000E+000   1.8977051801945952E+026    0.0000000000000000E+000   1.5202516159891511E+001   0.0000000000000000E+000   0.0000000000000000E+000   0.0000000000000000E+000  -7.9316831683168218E+001  -6.4091641047959982E+001   1.6315999166084534E+000   2.3001729163155613E-002  -6.2482465432878129E+001   4.7999999999999998E-001  -6.2459700065582908E+001
0.510000   -6.1276251567854978E+001    1.0000000000000000E+000   2.0370020738602792E+026    0.0000000000000000E+000   1.6318423572210488E+001   0.0000000000000000E+000   0.0000000000000000E+000   0.0000000000000000E+000  -7.9316831683168218E+001  -6.2991477804719587E+001   1.6986901440395026E+000   2.3242385967097656E-002  -6.1287037017645538E+001   5.1000000000000001E-001  -6.1276251567854978E+001
0.540000   -5.9989951344988540E+001    1.0000000000000000E+000   2.1877542200932617E+026    0.0000000000000000E+000   1.7526099012612800E+001   0.0000000000000000E+000   0.0000000000000000E+000   0.0000000000000000E+000  -7.9316831683168218E+001  -6.1767529625890127E+001   1.7772838467866743E+000   2.3485195320545910E-002  -6.0013221356594364E+001   5.4000000000000004E-001  -5.9989951344988540E+001
0.570000   -5.8587292277994152E+001    1.0000000000000000E+000   2.3520833027376532E+026    0.0000000000000000E+000   1.8842539290330404E+001   0.0000000000000000E+000   0.0000000000000000E+000   0.0000000000000000E+000  -7.9316831683168218E+001  -6.0450797293760282E+001   1.8632355331330628E+000   2.3753128249260444E-002  -5.8610844011152786E+001   5.6999999999999995E-001  -5.8587292277994152E+001
0.600000   -5.7063010332174059E+001    1.0000000000000000E+000   2.5301794805074348E+026    0.0000000000000000E+000   2.0269267766817141E+001   0.0000000000000000E+000   0.0000000000000000E+000   0.0000000000000000E+000  -7.9316831683168218E+001  -5.9023780193449333E+001   1.9604990621951131E+000   2.4042764853618774E-002  -5.7086846677360967E+001   5.9999999999999998E-001  -5.7063010332174059E+001
0.630000   -5.5410218572184725E+001    1.0000000000000000E+000   2.7225879791454557E+026    0.0000000000000000E+000   2.1810652245487862E+001   0.0000000000000000E+000   0.0000000000000000E+000   0.0000000000000000E+000  -7.9316831683168218E+001  -5.7482050679466433E+001   2.0715922164165548E+000   2.4357962442346757E-002  -5.5434390470194884E+001   6.3000000000000000E-001  -5.5410218572184725E+001
0.660000   -5.3621943441338622E+001    1.0000000000000000E+000   2.9297532365703769E+026    0.0000000000000000E+000   2.3470253118499912E+001   0.0000000000000000E+000   0.0000000000000000E+000   0.0000000000000000E+000  -7.9316831683168218E+001  -5.5822072704469576E+001   2.1999221099521398E+000   2.4703505330015040E-002  -5.3646483811856498E+001   6.5999999999999992E-001  -5.3621943441338622E+001
0.690000   -5.1691210877762870E+001    1.0000000000000000E+000   3.1520109192982243E+026    0.0000000000000000E+000   2.5250759410306340E+001   0.0000000000000000E+000   0.0000000000000000E+000   0.0000000000000000E+000  -7.9316831683168218E+001  -5.4041170501385750E+001   2.3497670182403199E+000   2.5085232966621240E-002  -5.1716142414055305E+001   6.8999999999999995E-001  -5.1691210877762870E+001
0.720000   -4.9610034865566242E+001    1.0000000000000000E+000   3.3896474369659908E+026    0.0000000000000000E+000   2.7154465548503271E+001   0.0000000000000000E+000   0.0000000000000000E+000   0.0000000000000000E+000  -7.9316831683168218E+001  -5.2137019668528005E+001   2.5268121638923340E+000   2.5510588440934515E-002  -4.9635406102700003E+001   7.1999999999999997E-001  -4.9610034865566242E+001
0.750000   -4.7370778442167605E+001    1.0000000000000000E+000   3.6427741599054642E+026    0.0000000000000000E+000   2.9182263720816398E+001   0.0000000000000000E+000   0.0000000000000000E+000   0.0000000000000000E+000  -7.9316831683168218E+001  -5.0108736995356892E+001   2.7377929253574433E+000   2.5988074423462307E-002  -4.7396631488650435E+001   7.5000000000000000E-001  -4.7370778442167605E+001
0.780000   -4.4963762444240231E+001    1.0000000000000000E+000   3.9112907458681930E+026    0.0000000000000000E+000   3.1333350085495383E+001   0.0000000000000000E+000   0.0000000000000000E+000   0.0000000000000000E+000  -7.9316831683168218E+001  -4.7957079595344275E+001   2.9931836490468036E+000   2.6528313370293384E-002  -4.4990180954521506E+001   7.8000000000000003E-001  -4.4963762444240231E+001
0.810000   -4.2380894029271758E+001    1.0000000000000000E+000   4.1952879900982578E+026    0.0000000000000000E+000   3.3608452003238732E+001   0.0000000000000000E+000   0.0000000000000000E+000   0.0000000000000000E+000  -7.9316831683168218E+001  -4.5681359262032956E+001   3.3003348369080534E+000   2.7143450996692780E-002  -4.2407929384025181E+001   8.0999999999999994E-001  -4.2380894029271758E+001
0.840000   -3.9604798954877879E+001    1.0000000000000000E+000   4.4939343278569835E+026    0.0000000000000000E+000   3.6000907808941861E+001   0.0000000000000000E+000   0.0000000000000000E+000   0.0000000000000000E+000  -7.9316831683168218E+001  -4.3288172270954639E+001   3.6832688868487717E+000   2.7849884602803462E-002  -3.9632561707127834E+001   8.3999999999999997E-001  -3.9604798954877879E+001
0.870000   -3.6622741228616874E+001    1.0000000000000000E+000   4.8056681258972224E+026    0.0000000000000000E+000   3.8498207258693675E+001   0.0000000000000000E+000   0.0000000000000000E+000   0.0000000000000000E+000  -7.9316831683168218E+001  -4.0790043342061679E+001   4.1672136254814163E+000   2.8664144678475657E-002  -3.6651330871575588E+001   8.7000000000000000E-001  -3.6622741228616874E+001
0.900000   -3.3421475776029794E+001    1.0000000000000000E+000   5.1300504363672082E+026    0.0000000000000000E+000   4.1096833941262545E+001   0.0000000000000000E+000   0.0000000000000000E+000   0.0000000000000000E+000  -7.9316831683168218E+001  -3.8190469511598430E+001   4.7689104093849837E+000   2.9606278657217367E-002  -3.3451011182491989E+001   8.9999999999999991E-001  -3.3421475776029794E+001
0.930000   -2.9993513479542017E+001    1.0000000000000000E+000   5.4648158189951210E+026    0.0000000000000000E+000   4.3778639414677166E+001   0.0000000000000000E+000   0.0000000000000000E+000   0.0000000000000000E+000  -7.9316831683168218E+001  -3.5507557436792652E+001   5.5139801873828223E+000   3.0694442104944389E-002  -3.0024153035345808E+001   9.2999999999999994E-001  -2.9993513479542017E+001
0.960000   -2.6324095729838369E+001    1.0000000000000000E+000   5.8081527813571990E+026    0.0000000000000000E+000   4.6529111813167596E+001   0.0000000000000000E+000   0.0000000000000000E+000   0.0000000000000000E+000  -7.9316831683168218E+001  -3.2755820554020133E+001   6.4316686631197344E+000   3.1951758699367984E-002  -2.6355998462015144E+001   9.5999999999999996E-001  -2.6324095729838369E+001
0.990000   -2.2411790764672119E+001    1.0000000000000000E+000   6.1568591386933274E+026    0.0000000000000000E+000   4.9322598434685787E+001   0.0000000000000000E+000   0.0000000000000000E+000   0.0000000000000000E+000  -7.9316831683168218E+001  -2.9960875442969993E+001   7.5490438149199672E+000   3.3395936065650160E-002  -2.2445150425361657E+001   9.8999999999999999E-001  -2.2411790764672119E+001
1.020000   -1.8259334161562940E+001    1.0000000000000000E+000   6.5074806137880752E+026    0.0000000000000000E+000   5.2131427064529284E+001   0.0000000000000000E+000   0.0000000000000000E+000   0.0000000000000000E+000  -7.9316831683168218E+001  -2.7150389701808884E+001   8.8910258013108177E+000   3.5042665419421228E-002  -1.8294349907416425E+001   1.0200000000000000E+000  -1.8259334161562940E+001
1.050000   -1.3882115841894951E+001    1.0000000000000000E+000   6.8557772521478192E+026    0.0000000000000000E+000   5.4921631427336024E+001   0.0000000000000000E+000   0.0000000000000000E+000   0.0000000000000000E+000  -7.9316831683168218E+001  -2.4358320725907056E+001   1.0476182765722262E+001   3.6900184904827965E-002  -1.3918995561655199E+001   1.0500000000000000E+000  -1.3882115841894951E+001
1.080000   -9.2918862938290694E+000    1.0000000000000000E+000   7.1981559477854308E+026    0.0000000000000000E+000   5.7664427151116314E+001   0.0000000000000000E+000   0.0000000000000000E+000   0.0000000000000000E+000  -7.9316831683168218E+001  -2.1613438533071143E+001   1.2321540876191859E+001   3.8976558230216035E-002  -9.3308520760763827E+000   1.0800000000000001E+000  -9.2918862938290694E+000
1.110000   -4.5224845254531427E+000    1.0000000000000000E+000   7.5297310889431650E+026    0.0000000000000000E+000   6.0320675600178255E+001   0.0000000000000000E+000   0.0000000000000000E+000   0.0000000000000000E+000  -7.9316831683168218E+001  -1.8954896701773723E+001   1.4432406112884790E+001   4.1265019024962234E-002  -4.5637436444716215E+000   1.1099999999999999E+000  -4.5224845254531427E+000
1.140000    3.8804508984211833E-001    1.0000000000000000E+000   7.8458422262090488E+026    0.0000000000000000E+000   6.2853041914377627E+001   0.0000000000000000E+000   0.0000000000000000E+000   0.0000000000000000E+000  -7.9316831683168218E+001  -1.6420037767896620E+001   1.6808082444969497E+001   4.3752238290912217E-002   3.4429326471564947E-001   1.1399999999999999E+000   3.8804508984211833E-001
1.170000    5.3943704944897224E+000    1.0000000000000000E+000   8.1418613172597561E+026    0.0000000000000000E+000   6.5224450846756270E+001   0.0000000000000000E+000   0.0000000000000000E+000   0.0000000000000000E+000  -7.9316831683168218E+001  -1.4045970324410368E+001   1.9440334983110787E+001   4.6416095652478381E-002   5.3479604065092250E+000   1.1699999999999999E+000   5.3943704944897224E+000
1.200000    1.0445664575748459E+001    1.0000000000000000E+000   8.4134136596912770E+026    0.0000000000000000E+000   6.7399856656444896E+001   0.0000000000000000E+000   0.0000000000000000E+000   0.0000000000000000E+000  -7.9316831683168218E+001  -1.1867757221940924E+001   2.2313413031740488E+001   4.9226325295591448E-002   1.0396447599745420E+001   1.2000000000000000E+000   1.0445664575748459E+001
1.230000    1.5482127086800551E+001    1.0000000000000000E+000   8.6564261515033995E+026    0.0000000000000000E+000   6.9346629723402827E+001   0.0000000000000000E+000   0.0000000000000000E+000   0.0000000000000000E+000  -7.9316831683168218E+001  -9.9180699243162955E+000   2.5400185631249311E+001   5.2143043499424696E-002   1.5429996763032266E+001   1.2300000000000000E+000   1.5482127086800551E+001
1.260000    2.0463214693355194E+001    1.0000000000000000E+000   8.8686994922378902E+026    0.0000000000000000E+000   7.1047151451703797E+001   0.0000000000000000E+000   0.0000000000000000E+000   0.0000000000000000E+000  -7.9316831683168218E+001  -8.2145610750531919E+000   2.8677763097579476E+001   5.5131744949443798E-002   2.0408097765036285E+001   1.2600000000000000E+000   2.0463214693355194E+001
1.290000    2.5334719830115532E+001    1.0000000000000000E+000   9.0485688189764155E+026    0.0000000000000000E+000   7.2488084624543006E+001   0.0000000000000000E+000   0.0000000000000000E+000   0.0000000000000000E+000  -7.9316831683168218E+001  -6.7706143261306764E+000   3.2105319390749720E+001   5.8147845131938880E-002   2.5276590235704678E+001   1.2900000000000000E+000   2.5334719830115532E+001
1.320000    3.0059174725316502E+001    1.0000000000000000E+000   9.1965216608795200E+026    0.0000000000000000E+000   7.3673334838015705E+001   0.0000000000000000E+000   0.0000000000000000E+000   0.0000000000000000E+000  -7.9316831683168218E+001  -5.5823612747468534E+000   3.5641518529156286E+001   6.1154117545712115E-002   2.9998043710537598E+001   1.3199999999999998E+000   3.0059174725316502E+001
1.350000    3.4613377205709568E+001    1.0000000000000000E+000   9.3149212661027044E+026    0.0000000000000000E+000   7.4621834073047324E+001   0.0000000000000000E+000   0.0000000000000000E+000   0.0000000000000000E+000  -7.9316831683168218E+001  -4.6308939739014168E+000   3.9244255159736277E+001   6.4121399069125562E-002   3.4549278784144661E+001   1.3499999999999999E+000   3.4613377205709568E+001
1.380000    3.8989657579928888E+001    1.0000000000000000E+000   9.4076279708239814E+026    0.0000000000000000E+000   7.5364507482681532E+001   0.0000000000000000E+000   0.0000000000000000E+000   0.0000000000000000E+000  -7.9316831683168218E+001  -3.8853142290605098E+000   4.2874953977953112E+001   6.7030904562877247E-002   3.8922654845549239E+001   1.3799999999999999E+000   3.8989657579928888E+001
1.410000    4.3188732760708248E+001    1.0000000000000000E+000   9.4783182699134757E+026    0.0000000000000000E+000   7.5930807467247817E+001   0.0000000000000000E+000   0.0000000000000000E+000   0.0000000000000000E+000  -7.9316831683168218E+001  -3.3161725488916067E+000   4.6504890456477391E+001   6.9870367428124927E-002   4.3118888726641771E+001   1.4099999999999999E+000   4.3188732760708248E+001
1.440000    4.7227786626159705E+001    1.0000000000000000E+000   9.5321470308592478E+026    0.0000000000000000E+000   7.6362029670088148E+001   0.0000000000000000E+000   0.0000000000000000E+000   0.0000000000000000E+000  -7.9316831683168218E+001  -2.8821814832530772E+000   5.0109953603584799E+001   7.2640428900057410E-002   4.7155175551734253E+001   1.4399999999999999E+000   4.7227786626159705E+001
1.470000    5.1132755301894171E+001    1.0000000000000000E+000   9.5744991029940405E+026    0.0000000000000000E+000   7.6701312119097480E+001   0.0000000000000000E+000   0.0000000000000000E+000   0.0000000000000000E+000  -7.9316831683168218E+001  -2.5401897939088744E+000   5.3672931841377050E+001   7.5349938207911471E-002   5.1057436600859411E+001   1.4700000000000000E+000   5.1132755301894171E+001
1.500000    5.4919923573899325E+001    1.0000000000000000E+000   9.6078619746734164E+026    0.0000000000000000E+000   7.6968582083441518E+001   0.0000000000000000E+000   0.0000000000000000E+000   0.0000000000000000E+000  -7.9316831683168218E+001  -2.2702719576475263E+000   5.7190181237617665E+001   7.8002366825593347E-002   5.4841961399159537E+001   1.5000000000000000E+000   5.4919923573899325E+001
