V   J   P  recLan  recSRH  Jbimo  JSRH_bulk  JSRH_LI  JSRH_RI  Jph  Jn_l  Jp_l  Jn_r  Jp_r  Vext  Jext
0.000000   -5.1703482117622364E+001    1.0000000000000000E+000   1.5459394981499386E+026    0.0000000000000000E+000   1.2384521288195593E+001   0.0000000000000000E+000   0.0000000000000000E+000   0.0000000000000000E+000  -6.4087999999999866E+001  -5.1700515730703565E+001   1.2099960412132553E-013   1.2741558197053354E-013  -5.1706542185171699E+001   0.0000000000000000E+000  -5.1703482117622364E+001
0.030000   -5.1343957751162669E+001    1.0000000000000000E+000   1.5908182707302451E+026    0.0000000000000000E+000   1.2744045134422457E+001   0.0000000000000000E+000   0.0000000000000000E+000   0.0000000000000000E+000  -6.4087999999999866E+001  -5.1343480280310146E+001   1.3827674562951185E-013   1.4522009360573896E-013  -5.1344467041015882E+001   2.9999999999999999E-002  -5.1343957751162669E+001
0.060000   -5.0970083797066465E+001    1.0000000000000000E+000   1.6374884054548912E+026    0.0000000000000000E+000   1.3117919582751149E+001   0.0000000000000000E+000   0.0000000000000000E+000   0.0000000000000000E+000  -6.4087999999999866E+001  -5.0969723056900257E+001   1.5800673834406641E-013   1.6554807399037579E-013  -5.0970476036569018E+001   5.9999999999999998E-002  -5.0970083797066465E+001
0.090000   -5.0581184881705738E+001    1.0000000000000000E+000   1.6860340766917994E+026    0.0000000000000000E+000   1.3506818954041368E+001   0.0000000000000000E+000   0.0000000000000000E+000   0.0000000000000000E+000  -6.4087999999999866E+001  -5.0580829147501319E+001   1.8056507118857789E-013   1.8873406656677854E-013  -5.0581573922137245E+001   8.9999999999999997E-002  -5.0581184881705738E+001
0.120000   -5.0176552837986492E+001    1.0000000000000000E+000   1.7365436953024913E+026    0.0000000000000000E+000   1.3911451507702989E+001   0.0000000000000000E+000   0.0000000000000000E+000   0.0000000000000000E+000  -6.4087999999999866E+001  -5.0176197338365768E+001   2.0636223444298910E-013   2.1518141569908904E-013  -5.0176943837896893E+001   1.2000000000000000E-001  -5.0176552837986492E+001
0.150000   -4.9755445581720515E+001    1.0000000000000000E+000   1.7891098959301522E+026    0.0000000000000000E+000   1.4332559339860646E+001   0.0000000000000000E+000   0.0000000000000000E+000   0.0000000000000000E+000  -6.4087999999999866E+001  -4.9755090741942254E+001   2.3586788972638184E-013   2.4535248079976477E-013  -4.9755838065342566E+001   1.4999999999999999E-001  -4.9755445581720515E+001
0.180000   -4.9317086094099395E+001    1.0000000000000000E+000   1.8438296736136970E+026    0.0000000000000000E+000   1.4770919477769128E+001   0.0000000000000000E+000   0.0000000000000000E+000   0.0000000000000000E+000  -6.4087999999999866E+001  -4.9316732859711848E+001   2.6962081823574047E-013   2.7977616953337725E-013  -4.9317479112755393E+001   1.7999999999999999E-001  -4.9317086094099395E+001
0.210000   -4.8860658657993639E+001    1.0000000000000000E+000   1.9008044622982847E+026    0.0000000000000000E+000   1.5227344508761060E+001   0.0000000000000000E+000   0.0000000000000000E+000   0.0000000000000000E+000  -6.4087999999999866E+001  -4.8860355024832259E+001   3.0824101028287645E-013   3.1905585930260861E-013  -4.8860987541466180E+001   2.0999999999999999E-001  -4.8860658657993639E+001
0.240000   -4.8385318205894819E+001    1.0000000000000000E+000   1.9601404883806360E+026    0.0000000000000000E+000   1.5702685412498386E+001   0.0000000000000000E+000   0.0000000000000000E+000   0.0000000000000000E+000  -6.4087999999999866E+001  -4.8385019552481069E+001   3.5243568802410146E-013   3.6388733643728451E-013  -4.8385643477262377E+001   2.3999999999999999E-001  -4.8385318205894819E+001
0.270000   -4.7890174208040776E+001    1.0000000000000000E+000   2.0219485657163368E+026    0.0000000000000000E+000   1.6197829918775927E+001   0.0000000000000000E+000   0.0000000000000000E+000   0.0000000000000000E+000  -6.4087999999999866E+001  -4.7889878941218477E+001   4.0302161121458521E-013   4.1506237270948752E-013  -4.7890497622442673E+001   2.7000000000000002E-001  -4.7890174208040776E+001
0.300000   -4.7374299666939017E+001    1.0000000000000000E+000   2.0863444112484580E+026    0.0000000000000000E+000   1.6713705036022311E+001   0.0000000000000000E+000   0.0000000000000000E+000   0.0000000000000000E+000  -6.4087999999999866E+001  -4.7374008767357168E+001   4.6093607555145170E-013   4.7348930414125645E-013  -4.7374620371384538E+001   2.9999999999999999E-001  -4.7374299666939017E+001
0.330000   -4.6836727951060844E+001    1.0000000000000000E+000   2.1534486890728590E+026    0.0000000000000000E+000   1.7251277404306990E+001   0.0000000000000000E+000   0.0000000000000000E+000   0.0000000000000000E+000  -6.4087999999999866E+001  -4.6836442751444693E+001   5.2725650098545344E-013   5.4020902546266661E-013  -4.6837044502700870E+001   3.2999999999999996E-001  -4.6836727951060844E+001
0.360000   -4.6276452172483786E+001    1.0000000000000000E+000   2.2233870885084760E+026    0.0000000000000000E+000   1.7811553920761398E+001   0.0000000000000000E+000   0.0000000000000000E+000   0.0000000000000000E+000  -6.4087999999999866E+001  -4.6276174069411674E+001   6.0322194339724204E-013   6.1641467513685858E-013  -4.6276763289156683E+001   3.5999999999999999E-001  -4.6276452172483786E+001
0.390000   -4.5692421923021755E+001    1.0000000000000000E+000   2.2962903112413693E+026    0.0000000000000000E+000   1.8395581636589910E+001   0.0000000000000000E+000   0.0000000000000000E+000   0.0000000000000000E+000  -6.4087999999999866E+001  -4.5692185377451153E+001   6.9026180843353706E-013   7.0347008234246757E-013  -4.5692680472083680E+001   3.9000000000000001E-001  -4.5692421923021755E+001
0.420000   -4.5083553669309651E+001    1.0000000000000000E+000   2.3722944035457842E+026    0.0000000000000000E+000   1.9004450418492720E+001   0.0000000000000000E+000   0.0000000000000000E+000   0.0000000000000000E+000  -6.4087999999999866E+001  -4.5083327675803403E+001   7.9000965551365425E-013   8.0295192008423660E-013  -4.5083802613344865E+001   4.1999999999999998E-001  -4.5083553669309651E+001
0.450000   -4.4448714822853944E+001    1.0000000000000000E+000   2.4515403705378078E+026    0.0000000000000000E+000   1.9639289858451960E+001   0.0000000000000000E+000   0.0000000000000000E+000   0.0000000000000000E+000  -6.4087999999999866E+001  -4.4448498963053886E+001   9.0435655659367933E-013   9.1665749070779391E-013  -4.4448954686474607E+001   4.4999999999999996E-001  -4.4448714822853944E+001
0.480000   -4.3786733829794855E+001    1.0000000000000000E+000   2.5341744570518655E+026    0.0000000000000000E+000   2.0301271523833204E+001   0.0000000000000000E+000   0.0000000000000000E+000   0.0000000000000000E+000  -6.4087999999999866E+001  -4.3786529905253602E+001   1.0354766260229042E-012   1.0466525921747937E-012  -4.3786962905212626E+001   4.7999999999999998E-001  -4.3786733829794855E+001
0.510000   -4.3096395247489660E+001    1.0000000000000000E+000   2.6203480148711639E+026    0.0000000000000000E+000   2.0991607893768659E+001   0.0000000000000000E+000   0.0000000000000000E+000   0.0000000000000000E+000  -6.4087999999999866E+001  -4.3096227106916444E+001   1.1858797193886432E-012   1.1953009350614727E-012  -4.3096580954329681E+001   5.1000000000000001E-001  -4.3096395247489660E+001
0.540000   -4.2376448887526024E+001    1.0000000000000000E+000   2.7102178003869459E+026    0.0000000000000000E+000   2.1711554743705349E+001   0.0000000000000000E+000   0.0000000000000000E+000   0.0000000000000000E+000  -6.4087999999999866E+001  -4.2376295969211334E+001   1.3584351546370419E-012   1.3653364141764270E-012  -4.2376620156816095E+001   5.4000000000000004E-001  -4.2376448887526024E+001
0.570000   -4.1625596290409433E+001    1.0000000000000000E+000   2.8039455684049991E+026    0.0000000000000000E+000   2.2462407891389176E+001   0.0000000000000000E+000   0.0000000000000000E+000   0.0000000000000000E+000  -6.4087999999999866E+001  -4.1625459213201999E+001   1.5564638995263965E-012   1.5598761276778763E-012  -4.1625752263108495E+001   5.6999999999999995E-001  -4.1625596290409433E+001
0.600000   -4.0842499100664796E+001    1.0000000000000000E+000   2.9016983854606266E+026    0.0000000000000000E+000   2.3245505706831054E+001   0.0000000000000000E+000   0.0000000000000000E+000   0.0000000000000000E+000  -6.4087999999999866E+001  -4.0842380071522292E+001   1.7837805327714467E-012   1.7825010505933271E-012  -4.0842637628253641E+001   5.9999999999999998E-001  -4.0842499100664796E+001
0.630000   -4.0025776168484015E+001    1.0000000000000000E+000   3.0036486594718768E+026    0.0000000000000000E+000   2.4062229349858928E+001   0.0000000000000000E+000   0.0000000000000000E+000   0.0000000000000000E+000  -6.4087999999999866E+001  -4.0025677546785595E+001   2.0447684157922785E-012   2.0373163537389274E-012  -4.0025894750497493E+001   6.3000000000000000E-001  -4.0025776168484015E+001
0.660000   -3.9173999852850230E+001    1.0000000000000000E+000   3.1099742216936127E+026    0.0000000000000000E+000   2.4914003426651895E+001   0.0000000000000000E+000   0.0000000000000000E+000   0.0000000000000000E+000  -6.4087999999999866E+001  -3.9173931522577227E+001   2.3444728946490721E-012   2.3290082192144336E-012  -3.9174082968478849E+001   6.5999999999999992E-001  -3.9173999852850230E+001
0.690000   -3.8285702700765128E+001    1.0000000000000000E+000   3.2208589669277808E+026    0.0000000000000000E+000   2.5802301118464612E+001   0.0000000000000000E+000   0.0000000000000000E+000   0.0000000000000000E+000  -6.4087999999999866E+001  -3.8285657015859442E+001   2.6886327436259207E-012   2.6629786502234002E-012  -3.8285763352981341E+001   6.8999999999999995E-001  -3.8285702700765128E+001
0.720000   -3.7359360649153082E+001    1.0000000000000000E+000   3.3364928035069125E+026    0.0000000000000000E+000   2.6728643780945095E+001   0.0000000000000000E+000   0.0000000000000000E+000   0.0000000000000000E+000  -6.4087999999999866E+001  -3.7359338906863634E+001   3.0838455725263130E-012   3.0453532618458217E-012  -3.7359397520159050E+001   7.1999999999999997E-001  -3.7359360649153082E+001
0.750000   -3.6393396231436881E+001    1.0000000000000000E+000   3.4570726466159968E+026    0.0000000000000000E+000   2.7694608901636332E+001   0.0000000000000000E+000   0.0000000000000000E+000   0.0000000000000000E+000  -6.4087999999999866E+001  -3.6393400121997722E+001   3.5376169083943822E-012   3.4831172154380500E-012  -3.6393407388202874E+001   7.5000000000000000E-001  -3.6393396231436881E+001
0.780000   -3.5386166787396874E+001    1.0000000000000000E+000   3.5828031934968857E+026    0.0000000000000000E+000   2.8701836310138606E+001   0.0000000000000000E+000   0.0000000000000000E+000   0.0000000000000000E+000  -6.4087999999999866E+001  -3.5386193470757668E+001   4.0584843530287614E-012   3.9841732393727549E-012  -3.5386151845427349E+001   7.8000000000000003E-001  -3.5386166787396874E+001
0.810000   -3.4335962293040332E+001    1.0000000000000000E+000   3.7138985710590163E+026    0.0000000000000000E+000   2.9752041377119024E+001   0.0000000000000000E+000   0.0000000000000000E+000   0.0000000000000000E+000  -6.4087999999999866E+001  -3.4336012956710881E+001   4.6560123556983610E-012   4.5575198588700399E-012  -3.4335923021369346E+001   8.0999999999999994E-001  -3.4335962293040332E+001
0.840000   -3.3240980192074758E+001    1.0000000000000000E+000   3.8505834744126711E+026    0.0000000000000000E+000   3.0847024135101520E+001   0.0000000000000000E+000   0.0000000000000000E+000   0.0000000000000000E+000  -6.4087999999999866E+001  -3.3241054623255586E+001   5.3409823527627035E-012   5.2132020377808904E-012  -3.3240916584517421E+001   8.3999999999999997E-001  -3.3240980192074758E+001
0.870000   -3.2101091874303052E+001    1.0000000000000000E+000   3.9928739718902317E+026    0.0000000000000000E+000   3.1986913307496462E+001   0.0000000000000000E+000   0.0000000000000000E+000   0.0000000000000000E+000  -6.4087999999999866E+001  -3.2101188179959465E+001   6.1249769814826293E-012   5.9620720756155656E-012  -3.2101005696300973E+001   8.7000000000000000E-001  -3.2101091874303052E+001
0.900000   -3.0912510490593309E+001    1.0000000000000000E+000   4.1412424128634463E+026    0.0000000000000000E+000   3.3175492885111304E+001   0.0000000000000000E+000   0.0000000000000000E+000   0.0000000000000000E+000  -6.4087999999999866E+001  -3.0912616029002063E+001   7.0214213949459428E-012   6.8167500507996244E-012  -3.0912413058911962E+001   8.9999999999999991E-001  -3.0912510490593309E+001
0.930000   -2.9672225194802053E+001    1.0000000000000000E+000   4.2960652844787697E+026    0.0000000000000000E+000   3.4415778906468674E+001   0.0000000000000000E+000   0.0000000000000000E+000   0.0000000000000000E+000  -6.4087999999999866E+001  -2.9672340299946626E+001   8.0445665127968604E-012   7.7910150329936457E-012  -2.9672117018969644E+001   9.2999999999999994E-001  -2.9672225194802053E+001
0.960000   -2.8378404131045464E+001    1.0000000000000000E+000   4.4575709803571220E+026    0.0000000000000000E+000   3.5709601032861016E+001   0.0000000000000000E+000   0.0000000000000000E+000   0.0000000000000000E+000  -6.4087999999999866E+001  -2.8378519657593433E+001   9.2091065161772319E-012   8.8990148589775556E-012  -2.8378294045341107E+001   9.5999999999999996E-001  -2.8378404131045464E+001
0.990000   -2.7028914959984590E+001    1.0000000000000000E+000   4.6260256955647202E+026    0.0000000000000000E+000   3.7059091752958444E+001   0.0000000000000000E+000   0.0000000000000000E+000   0.0000000000000000E+000  -6.4087999999999866E+001  -2.7029027294257869E+001   1.0529216738871073E-011   1.0154829998042199E-011  -2.7028806564634422E+001   9.8999999999999999E-001  -2.7028914959984590E+001
1.020000   -2.5621115522226837E+001    1.0000000000000000E+000   4.8017849933184834E+026    0.0000000000000000E+000   3.8467099483684436E+001   0.0000000000000000E+000   0.0000000000000000E+000   0.0000000000000000E+000  -6.4087999999999866E+001  -2.5621300826086873E+001   1.2018765642631555E-011   1.1573020350038762E-011  -2.5620930869985642E+001   1.0200000000000000E+000  -2.5621115522226837E+001
1.050000   -2.4151560335390698E+001    1.0000000000000000E+000   4.9852022025894569E+026    0.0000000000000000E+000   3.9936454743418864E+001   0.0000000000000000E+000   0.0000000000000000E+000   0.0000000000000000E+000  -6.4087999999999866E+001  -2.4151641514901655E+001   1.3694328538793652E-011   1.3169321536540182E-011  -2.4151482012066882E+001   1.0500000000000000E+000  -2.4151560335390698E+001
1.080000   -2.2617410137634614E+001    1.0000000000000000E+000   5.1767062662104972E+026    0.0000000000000000E+000   4.1470593793187007E+001   0.0000000000000000E+000   0.0000000000000000E+000   0.0000000000000000E+000  -6.4087999999999866E+001  -2.2617455184612449E+001   1.5564126937942455E-011   1.4964982775680473E-011  -2.2617367224796332E+001   1.0800000000000001E+000  -2.2617410137634614E+001
1.110000   -2.1015070326843571E+001    1.0000000000000000E+000   5.3767237164093126E+026    0.0000000000000000E+000   4.3072933582656297E+001   0.0000000000000000E+000   0.0000000000000000E+000   0.0000000000000000E+000  -6.4087999999999866E+001  -2.1015033857899049E+001   1.7669163973728480E-011   1.6977339667759445E-011  -2.1015106926447949E+001   1.1099999999999999E+000  -2.1015070326843571E+001
1.140000   -1.9339699509628709E+001    1.0000000000000000E+000   5.5858566262663985E+026    0.0000000000000000E+000   4.4748297319262356E+001   0.0000000000000000E+000   0.0000000000000000E+000   0.0000000000000000E+000  -6.4087999999999866E+001  -1.9339678950804377E+001   2.0000479467006222E-011   1.9219694838818834E-011  -1.9339718202915041E+001   1.1399999999999999E+000  -1.9339699509628709E+001
1.170000   -1.7588695454711456E+001    1.0000000000000000E+000   5.8044324093455352E+026    0.0000000000000000E+000   4.6499307913057898E+001   0.0000000000000000E+000   0.0000000000000000E+000   0.0000000000000000E+000  -6.4087999999999866E+001  -1.7588669653211330E+001   2.2562147741562077E-011   2.1695521336676839E-011  -1.7588721949485890E+001   1.1699999999999999E+000  -1.7588695454711456E+001
1.200000   -1.5759538848759796E+001    1.0000000000000000E+000   6.0327629903683617E+026    0.0000000000000000E+000   4.8328464192981784E+001   0.0000000000000000E+000   0.0000000000000000E+000   0.0000000000000000E+000  -6.4087999999999866E+001  -1.5759527646993542E+001   2.5372631819985849E-011   2.4408185332984333E-011  -1.5759550933855410E+001   1.2000000000000000E+000  -1.5759538848759796E+001
1.230000   -1.3845588641781841E+001    1.0000000000000000E+000   6.2716782930343802E+026    0.0000000000000000E+000   5.0242414677773681E+001   0.0000000000000000E+000   0.0000000000000000E+000   0.0000000000000000E+000  -6.4087999999999866E+001  -1.3845569130532756E+001   2.8392081594598977E-011   2.7362417900895387E-011  -1.3845608849209185E+001   1.2300000000000000E+000  -1.3845588641781841E+001
1.260000   -1.1847699185624670E+001    1.0000000000000000E+000   6.5210706899471345E+026    0.0000000000000000E+000   5.2240297164362786E+001   0.0000000000000000E+000   0.0000000000000000E+000   0.0000000000000000E+000  -6.4087999999999866E+001  -1.1847688535778110E+001   3.1609176294528188E-011   3.0533894756736964E-011  -1.1847708649889196E+001   1.2600000000000000E+000  -1.1847699185624670E+001
1.290000   -9.7552776512042385E+000    1.0000000000000000E+000   6.7822642781426512E+026    0.0000000000000000E+000   5.4332718994077752E+001   0.0000000000000000E+000   0.0000000000000000E+000   0.0000000000000000E+000  -6.4087999999999866E+001  -9.7552727881783667E+000   3.5048168950377319E-011   3.3953188719558271E-011  -9.7552815970021882E+000   1.2900000000000000E+000  -9.7552776512042385E+000
1.320000   -7.5701006289684676E+000    1.0000000000000000E+000   7.0550363122372394E+026    0.0000000000000000E+000   5.6517895753654443E+001   0.0000000000000000E+000   0.0000000000000000E+000   0.0000000000000000E+000  -6.4087999999999866E+001  -7.5700991149326731E+000   3.8654435948566729E-011   3.7584483892680209E-011  -7.5701011997204395E+000   1.3199999999999998E+000  -7.5701006289684676E+000
1.350000   -5.2860487201887061E+000    1.0000000000000000E+000   7.3401516422513819E+026    0.0000000000000000E+000   5.8801954656591228E+001   0.0000000000000000E+000   0.0000000000000000E+000   0.0000000000000000E+000  -6.4087999999999866E+001  -5.2860484640619809E+000   4.2438400114934760E-011   4.1405270232461087E-011  -5.2860498865438474E+000   1.3499999999999999E+000  -5.2860487201887061E+000
1.380000   -2.8967706869674941E+000    1.0000000000000000E+000   7.6384012808055563E+026    0.0000000000000000E+000   6.1191232504974749E+001   0.0000000000000000E+000   0.0000000000000000E+000   0.0000000000000000E+000  -6.4087999999999866E+001  -2.8967710132199338E+000   4.6368257131186224E-011   4.5427545327067282E-011  -2.8967712679928055E+000   1.3799999999999999E+000  -2.8967706869674941E+000
1.410000   -4.0001253392779773E-001    1.0000000000000000E+000   7.9500668262303819E+026    0.0000000000000000E+000   6.3687985183025873E+001   0.0000000000000000E+000   0.0000000000000000E+000   0.0000000000000000E+000  -6.4087999999999866E+001  -4.0001220942916932E-001   5.0419917709753874E-011   4.9618929573238712E-011  -4.0001222341060738E-001   1.4099999999999999E+000  -4.0001253392779773E-001
1.440000    2.2092638479253681E+000    1.0000000000000000E+000   8.2757782562954026E+026    0.0000000000000000E+000   6.6297259442643622E+001   0.0000000000000000E+000   0.0000000000000000E+000   0.0000000000000000E+000  -6.4087999999999866E+001   2.2092645206228609E+000   5.4575257078140595E-011   5.3965278156023476E-011   2.2092645413361027E+000   1.4399999999999999E+000   2.2092638479253681E+000
1.470000    4.9367742324561128E+000    1.0000000000000000E+000   8.6162488905273091E+026    0.0000000000000000E+000   6.9024769686541546E+001   0.0000000000000000E+000   0.0000000000000000E+000   0.0000000000000000E+000  -6.4087999999999866E+001   4.9367750177045808E+000   5.8819529521130355E-011   5.8455302858910110E-011   4.9367750948614058E+000   1.4700000000000000E+000   4.9367742324561128E+000
1.500000    7.7823082447002641E+000    1.0000000000000000E+000   8.9714532641575189E+026    0.0000000000000000E+000   7.1870311916459315E+001   0.0000000000000000E+000   0.0000000000000000E+000   0.0000000000000000E+000  -6.4087999999999866E+001   7.7823074785640101E+000   6.3123190706126353E-011   6.3063011250664573E-011   7.7823074775283478E+000   1.5000000000000000E+000   7.7823082447002641E+000
